""	"x.MAT"	"x.MAP"	"x.pH"	"x.TC"	"x.CN"	"x.tree"	"x.soil"	"x.dist"	"y.MAT"	"y.MAP"	"y.pH"	"y.TC"	"y.CN"	"y.tree"	"y.soil"	"y.dist"
"1"	0	0	0	0	0	0	0	0	0	0	0	0	0	0	0	0
"2"	0.0050251256281407	0.0050251256281407	0.0050251256281407	0.0050251256281407	0.0050251256281407	0.0050251256281407	0.0050251256281407	0.0050251256281407	0.00340533532466535	0	0.00733819514423725	0.00633160808915265	0.00392244827632882	0.122002737520263	0.053029721431311	0.0998159563425083
"3"	0.0100502512562814	0.0100502512562814	0.0100502512562814	0.0100502512562814	0.0100502512562814	0.0100502512562814	0.0100502512562814	0.0100502512562814	0.00678580832089128	0	0.0147064038691478	0.0125527245569881	0.00784085979182874	0.122003079963456	0.053029721431311	0.100561959759483
"4"	0.0150753768844221	0.0150753768844221	0.0150753768844221	0.0150753768844221	0.0150753768844221	0.0150753768844221	0.0150753768844221	0.0150753768844221	0.0101414189886778	0	0.0221046261747318	0.0186633494035061	0.0117552345464997	0.122003650702112	0.053029721431311	0.101304204972845
"5"	0.0201005025125628	0.0201005025125628	0.0201005025125628	0.0201005025125628	0.0201005025125628	0.0201005025125628	0.0201005025125628	0.0201005025125628	0.0134721673280248	0	0.0295328620609892	0.0246634826287069	0.0156655725403419	0.122004449736231	0.053029721431311	0.102042691982595
"6"	0.0251256281407035	0.0251256281407035	0.0251256281407035	0.0251256281407035	0.0251256281407035	0.0251256281407035	0.0251256281407035	0.0251256281407035	0.0167780533389324	0	0.0369911115279199	0.0305531242325904	0.0195718737733551	0.122005477065812	0.053029721431311	0.102777420788733
"7"	0.0301507537688442	0.0301507537688442	0.0301507537688442	0.0301507537688442	0.0301507537688442	0.0301507537688442	0.0301507537688442	0.0301507537688442	0.0200590770214005	0	0.044479374575524	0.0363322742151566	0.0234741382455394	0.122006732690855	0.053029721431311	0.10350839139126
"8"	0.0351758793969849	0.0351758793969849	0.0351758793969849	0.0351758793969849	0.0351758793969849	0.0351758793969849	0.0351758793969849	0.0351758793969849	0.0233152383754292	0	0.0519976512038016	0.0420009325764055	0.0273723659568948	0.122008216611361	0.053029721431311	0.104235603790174
"9"	0.0402010050251256	0.0402010050251256	0.0402010050251256	0.0402010050251256	0.0402010050251256	0.0402010050251256	0.0402010050251256	0.0402010050251256	0.0265465374010184	0	0.0595459414127524	0.0475590993163371	0.0312665569074213	0.12200992882733	0.053029721431311	0.104959057985476
"10"	0.0452261306532663	0.0452261306532663	0.0452261306532663	0.0452261306532663	0.0452261306532663	0.0452261306532663	0.0452261306532663	0.0452261306532663	0.0297529740981682	0	0.0671242452023766	0.0530067744349514	0.0351567110971189	0.12201186933876	0.053029721431311	0.105678753977167
"11"	0.050251256281407	0.050251256281407	0.050251256281407	0.050251256281407	0.050251256281407	0.050251256281407	0.050251256281407	0.050251256281407	0.0329345484668786	0	0.0747325625726742	0.0583439579322485	0.0390428285259876	0.122014038145654	0.053029721431311	0.106394691765245
"12"	0.0552763819095477	0.0552763819095477	0.0552763819095477	0.0552763819095477	0.0552763819095477	0.0552763819095477	0.0552763819095477	0.0552763819095477	0.0360912605071495	0	0.0823708935236453	0.0635706498082282	0.0429249091940275	0.122016435248009	0.053029721431311	0.107106871349712
"13"	0.0603015075376884	0.0603015075376884	0.0603015075376884	0.0603015075376884	0.0603015075376884	0.0603015075376884	0.0603015075376884	0.0603015075376884	0.039223110218981	0	0.0900392380552896	0.0686868500628906	0.0468029531012384	0.122019060645828	0.053029721431311	0.107815292730566
"14"	0.0653266331658292	0.0653266331658292	0.0653266331658292	0.0653266331658292	0.0653266331658292	0.0653266331658292	0.0653266331658292	0.0653266331658292	0.0423300976023731	0	0.0977375961676074	0.0736925586962358	0.0506769602476204	0.122021914339108	0.053029721431311	0.108519955907809
"15"	0.0703517587939698	0.0703517587939698	0.0703517587939698	0.0703517587939698	0.0703517587939698	0.0703517587939698	0.0703517587939698	0.0703517587939698	0.0454122226573257	0	0.105465967860599	0.0785877757082637	0.0545469306331735	0.122024996327851	0.053029721431311	0.10922086088144
"16"	0.0753768844221106	0.0753768844221106	0.0753768844221106	0.0753768844221106	0.0753768844221106	0.0753768844221106	0.0753768844221106	0.0753768844221106	0.0484694853838388	0	0.113224353134263	0.0833725010989742	0.0584128642578977	0.122028306612057	0.053029721431311	0.109918007651458
"17"	0.0804020100502513	0.0804020100502513	0.0804020100502513	0.0804020100502513	0.0804020100502513	0.0804020100502513	0.0804020100502513	0.0804020100502513	0.0515018857819126	0	0.121012751988601	0.0880467348683675	0.062274761121793	0.122031845191725	0.053029721431311	0.110611396217865
"18"	0.085427135678392	0.085427135678392	0.085427135678392	0.085427135678392	0.085427135678392	0.085427135678392	0.085427135678392	0.085427135678392	0.0545094238515468	0	0.128831164423612	0.0926104770164435	0.0661326212248594	0.122035612066855	0.053029721431311	0.11130102658066
"19"	0.0904522613065327	0.0904522613065327	0.0904522613065327	0.0904522613065327	0.0904522613065327	0.0904522613065327	0.0904522613065327	0.0904522613065327	0.0574920995927417	0	0.136679590439297	0.0970637275432022	0.0699864445670969	0.122039607237448	0.053029721431311	0.111986898739843
"20"	0.0954773869346734	0.0954773869346734	0.0954773869346734	0.0954773869346734	0.0954773869346734	0.0954773869346734	0.0954773869346734	0.0954773869346734	0.0604499130054971	0	0.144558030035655	0.101406486448644	0.0738362311485055	0.122043830703503	0.053029721431311	0.112669012695413
"21"	0.100502512562814	0.100502512562814	0.100502512562814	0.100502512562814	0.100502512562814	0.100502512562814	0.100502512562814	0.100502512562814	0.063382864089813	0	0.152466483212686	0.105638753732768	0.0776819809690853	0.122048282465021	0.053029721431311	0.113347368447372
"22"	0.105527638190955	0.105527638190955	0.105527638190955	0.105527638190955	0.105527638190955	0.105527638190955	0.105527638190955	0.105527638190955	0.0662909528456895	0	0.160404949970391	0.109760529395575	0.0815236940288361	0.122052962522001	0.053029721431311	0.114021965995719
"23"	0.110552763819095	0.110552763819095	0.110552763819095	0.110552763819095	0.110552763819095	0.110552763819095	0.110552763819095	0.110552763819095	0.0691741792731266	0	0.168373430308769	0.113771813437064	0.085361370327758	0.122057870874444	0.053029721431311	0.114692805340454
"24"	0.115577889447236	0.115577889447236	0.115577889447236	0.115577889447236	0.115577889447236	0.115577889447236	0.115577889447236	0.115577889447236	0.0720325433721242	0	0.176371924227821	0.117672605857236	0.089195009865851	0.122063007522349	0.053029721431311	0.115359886481577
"25"	0.120603015075377	0.120603015075377	0.120603015075377	0.120603015075377	0.120603015075377	0.120603015075377	0.120603015075377	0.120603015075377	0.0748660451426824	0	0.184400431727546	0.121462906656091	0.0930246126431151	0.122068372465716	0.053029721431311	0.116023209419088
"26"	0.125628140703518	0.125628140703518	0.125628140703518	0.125628140703518	0.125628140703518	0.125628140703518	0.125628140703518	0.125628140703518	0.0776746845848011	0	0.192458952807944	0.125142715833629	0.0968501786595503	0.122073965704546	0.053029721431311	0.116682774152987
"27"	0.130653266331658	0.130653266331658	0.130653266331658	0.130653266331658	0.130653266331658	0.130653266331658	0.130653266331658	0.130653266331658	0.0804584616984804	0	0.200547487469016	0.128712033389849	0.100671707915157	0.122079787238839	0.053029721431311	0.117338580683274
"28"	0.135678391959799	0.135678391959799	0.135678391959799	0.135678391959799	0.135678391959799	0.135678391959799	0.135678391959799	0.135678391959799	0.0832173764837202	0	0.208666035710761	0.132170859324752	0.104489200409934	0.122085837068594	0.053029721431311	0.11799062900995
"29"	0.14070351758794	0.14070351758794	0.14070351758794	0.14070351758794	0.14070351758794	0.14070351758794	0.14070351758794	0.14070351758794	0.0859514289405206	0	0.216814597533179	0.135519193638338	0.108302656143883	0.122092115193811	0.053029721431311	0.118638919133013
"30"	0.14572864321608	0.14572864321608	0.14572864321608	0.14572864321608	0.14572864321608	0.14572864321608	0.14572864321608	0.14572864321608	0.0886606190688816	0	0.224993172936271	0.138757036330607	0.112112075117002	0.122098621614491	0.053029721431311	0.119283451052464
"31"	0.150753768844221	0.150753768844221	0.150753768844221	0.150753768844221	0.150753768844221	0.150753768844221	0.150753768844221	0.150753768844221	0.0913449468688031	0	0.233201761920036	0.141884387401558	0.115917457329293	0.122105356330633	0.053029721431311	0.119924224768303
"32"	0.155778894472362	0.155778894472362	0.155778894472362	0.155778894472362	0.155778894472362	0.155778894472362	0.155778894472362	0.155778894472362	0.0940044123402852	0	0.241440364484475	0.144901246851192	0.119718802780755	0.122112319342237	0.053029721431311	0.120561240280531
"33"	0.160804020100503	0.160804020100503	0.160804020100503	0.160804020100503	0.160804020100503	0.160804020100503	0.160804020100503	0.160804020100503	0.0966390154833278	0	0.249708980629586	0.147807614679508	0.123516111471388	0.122119510649305	0.053029721431311	0.121194497589146
"34"	0.165829145728643	0.165829145728643	0.165829145728643	0.165829145728643	0.165829145728643	0.165829145728643	0.165829145728643	0.165829145728643	0.099248756297931	0	0.258007610355372	0.150603490886508	0.127309383401192	0.122126930251834	0.053029721431311	0.121823996694149
"35"	0.170854271356784	0.170854271356784	0.170854271356784	0.170854271356784	0.170854271356784	0.170854271356784	0.170854271356784	0.170854271356784	0.101833634784095	0	0.26633625366183	0.15328887547219	0.131098618570167	0.122134578149826	0.053029721431311	0.122449737595541
"36"	0.175879396984925	0.175879396984925	0.175879396984925	0.175879396984925	0.175879396984925	0.175879396984925	0.175879396984925	0.175879396984925	0.104393650941819	0	0.274694910548963	0.155863768436554	0.134883816978313	0.122142454343281	0.053029721431311	0.12307172029332
"37"	0.180904522613065	0.180904522613065	0.180904522613065	0.180904522613065	0.180904522613065	0.180904522613065	0.180904522613065	0.180904522613065	0.106928804771104	0	0.283083581016768	0.158328169779602	0.13866497862563	0.122150558832197	0.053029721431311	0.123689944787488
"38"	0.185929648241206	0.185929648241206	0.185929648241206	0.185929648241206	0.185929648241206	0.185929648241206	0.185929648241206	0.185929648241206	0.109439096271949	0	0.291502265065247	0.160682079501332	0.142442103512119	0.122158891616577	0.053029721431311	0.124304411078043
"39"	0.190954773869347	0.190954773869347	0.190954773869347	0.190954773869347	0.190954773869347	0.190954773869347	0.190954773869347	0.190954773869347	0.111924525444355	0	0.299950962694399	0.162925497601745	0.146215191637778	0.122167452696419	0.053029721431311	0.124915119164987
"40"	0.195979899497487	0.195979899497487	0.195979899497487	0.195979899497487	0.195979899497487	0.195979899497487	0.195979899497487	0.195979899497487	0.114385092288322	0	0.308429673904225	0.16505842408084	0.149984243002609	0.122176242071723	0.053029721431311	0.125522069048319
"41"	0.201005025125628	0.201005025125628	0.201005025125628	0.201005025125628	0.201005025125628	0.201005025125628	0.201005025125628	0.201005025125628	0.116820796803849	0	0.316938398694723	0.167080858938619	0.15374925760661	0.12218525974249	0.053029721431311	0.126125260728038
"42"	0.206030150753769	0.206030150753769	0.206030150753769	0.206030150753769	0.206030150753769	0.206030150753769	0.206030150753769	0.206030150753769	0.119231638990937	0	0.325477137065896	0.16899280217508	0.157510235449783	0.122194505708719	0.053029721431311	0.126724694204146
"43"	0.21105527638191	0.21105527638191	0.21105527638191	0.21105527638191	0.21105527638191	0.21105527638191	0.21105527638191	0.21105527638191	0.121617618849585	0	0.334045889017742	0.170794253790223	0.161267176532127	0.12220397997041	0.053029721431311	0.127320369476642
"44"	0.21608040201005	0.21608040201005	0.21608040201005	0.21608040201005	0.21608040201005	0.21608040201005	0.21608040201005	0.21608040201005	0.123978736379794	0	0.342644654550261	0.17248521378405	0.165020080853642	0.122213682527564	0.053029721431311	0.127912286545525
"45"	0.221105527638191	0.221105527638191	0.221105527638191	0.221105527638191	0.221105527638191	0.221105527638191	0.221105527638191	0.221105527638191	0.126314991581563	0	0.351273433663453	0.174065682156559	0.168768948414328	0.122223613380181	0.053029721431311	0.128500445410797
"46"	0.226130653266332	0.226130653266332	0.226130653266332	0.226130653266332	0.226130653266332	0.226130653266332	0.226130653266332	0.226130653266332	0.128626384454893	0	0.359932226357319	0.175535658907751	0.172513779214185	0.12223377252826	0.053029721431311	0.129084846072457
"47"	0.231155778894472	0.231155778894472	0.231155778894472	0.231155778894472	0.231155778894472	0.231155778894472	0.231155778894472	0.231155778894472	0.130912914999783	0	0.368621032631858	0.176895144037625	0.176254573253214	0.122244159971801	0.053029721431311	0.129665488530505
"48"	0.236180904522613	0.236180904522613	0.236180904522613	0.236180904522613	0.236180904522613	0.236180904522613	0.236180904522613	0.236180904522613	0.133174583216234	0	0.377339852487071	0.178144137546182	0.179993555126411	0.122254775710805	0.053029721431311	0.130242372784941
"49"	0.241206030150754	0.241206030150754	0.241206030150754	0.241206030150754	0.241206030150754	0.241206030150754	0.241206030150754	0.241206030150754	0.135411389104246	0	0.386088685922957	0.179282639433422	0.183739286881769	0.122265619745271	0.053029721431311	0.130815498835765
"50"	0.246231155778894	0.246231155778894	0.246231155778894	0.246231155778894	0.246231155778894	0.246231155778894	0.246231155778894	0.246231155778894	0.137623332663818	0	0.394867532939516	0.180310649699345	0.187492615462661	0.1222766920752	0.053029721431311	0.131384866682977
"51"	0.251256281407035	0.251256281407035	0.251256281407035	0.251256281407035	0.251256281407035	0.251256281407035	0.251256281407035	0.251256281407035	0.13981041389495	0	0.403676393536749	0.18122816834395	0.191253540869087	0.122287992700591	0.053029721431311	0.131950476326577
"52"	0.256281407035176	0.256281407035176	0.256281407035176	0.256281407035176	0.256281407035176	0.256281407035176	0.256281407035176	0.256281407035176	0.141972632797644	0	0.412515267714655	0.182035195367238	0.195022063101048	0.122299521621445	0.053029721431311	0.132512327766565
"53"	0.261306532663317	0.261306532663317	0.261306532663317	0.261306532663317	0.261306532663317	0.261306532663317	0.261306532663317	0.261306532663317	0.144109989371897	0	0.421384155473234	0.182731730769209	0.198798182158543	0.122311278837761	0.053029721431311	0.133070421002941
"54"	0.266331658291457	0.266331658291457	0.266331658291457	0.266331658291457	0.266331658291457	0.266331658291457	0.266331658291457	0.266331658291457	0.146222483617712	0	0.430283056812487	0.183317774549862	0.202581898041573	0.122323264349539	0.053029721431311	0.133624756035705
"55"	0.271356783919598	0.271356783919598	0.271356783919598	0.271356783919598	0.271356783919598	0.271356783919598	0.271356783919598	0.271356783919598	0.148310115535087	0	0.439211971732413	0.183793326709199	0.206373210750137	0.12233547815678	0.053029721431311	0.134175332864858
"56"	0.276381909547739	0.276381909547739	0.276381909547739	0.276381909547739	0.276381909547739	0.276381909547739	0.276381909547739	0.276381909547739	0.150372885124022	0	0.448170900233013	0.184158387247218	0.210172120284235	0.122347920259484	0.053029721431311	0.134722151490398
"57"	0.281407035175879	0.281407035175879	0.281407035175879	0.281407035175879	0.281407035175879	0.281407035175879	0.281407035175879	0.281407035175879	0.152410792384518	0	0.457159842314286	0.184412956163919	0.213978626643868	0.122360590657649	0.053029721431311	0.135265211912326
"58"	0.28643216080402	0.28643216080402	0.28643216080402	0.28643216080402	0.28643216080402	0.28643216080402	0.28643216080402	0.28643216080402	0.154423837316575	0	0.466178797976232	0.184557033459303	0.217792729829035	0.122373489351278	0.053029721431311	0.135804514130643
"59"	0.291457286432161	0.291457286432161	0.291457286432161	0.291457286432161	0.291457286432161	0.291457286432161	0.291457286432161	0.291457286432161	0.156412019920192	0	0.475227767218852	0.184592742197145	0.221614429839737	0.122386616340368	0.053029721431311	0.136340058145347
"60"	0.296482412060302	0.296482412060302	0.296482412060302	0.296482412060302	0.296482412060302	0.296482412060302	0.296482412060302	0.296482412060302	0.15837534019537	0	0.484306750042145	0.184592742197145	0.225443726675973	0.122399971624922	0.053029721431311	0.136871843956439
"61"	0.301507537688442	0.301507537688442	0.301507537688442	0.301507537688442	0.301507537688442	0.301507537688442	0.301507537688442	0.301507537688442	0.160313798142108	0	0.493415746446112	0.184592742197145	0.229280620337743	0.122413555204937	0.053029721431311	0.13739987156392
"62"	0.306532663316583	0.306532663316583	0.306532663316583	0.306532663316583	0.306532663316583	0.306532663316583	0.306532663316583	0.306532663316583	0.162227393760407	0	0.502554756430752	0.184592742197145	0.233125110825048	0.122427367080415	0.053029721431311	0.137924140967788
"63"	0.311557788944724	0.311557788944724	0.311557788944724	0.311557788944724	0.311557788944724	0.311557788944724	0.311557788944724	0.311557788944724	0.164116127050266	0	0.511723779996065	0.184592742197145	0.236977198137887	0.122441407251356	0.053029721431311	0.138444652168045
"64"	0.316582914572864	0.316582914572864	0.316582914572864	0.316582914572864	0.316582914572864	0.316582914572864	0.316582914572864	0.316582914572864	0.165979998011686	0	0.520922817142051	0.184592742197145	0.240836882276261	0.122455675717759	0.053029721431311	0.138961405164689
"65"	0.321608040201005	0.321608040201005	0.321608040201005	0.321608040201005	0.321608040201005	0.321608040201005	0.321608040201005	0.321608040201005	0.167819006644666	0	0.530151867868711	0.184592742197145	0.244704163240169	0.122470172479624	0.053029721431311	0.139474399957722
"66"	0.326633165829146	0.326633165829146	0.326633165829146	0.326633165829146	0.326633165829146	0.326633165829146	0.326633165829146	0.326633165829146	0.169633152949207	0	0.539410932176045	0.184592742197145	0.248579041029611	0.122484897536952	0.053029721431311	0.139983636547143
"67"	0.331658291457286	0.331658291457286	0.331658291457286	0.331658291457286	0.331658291457286	0.331658291457286	0.331658291457286	0.331658291457286	0.171422436925309	0	0.548700010064052	0.184592742197145	0.252461515644588	0.122499850889743	0.053029721431311	0.140489114932951
"68"	0.336683417085427	0.336683417085427	0.336683417085427	0.336683417085427	0.336683417085427	0.336683417085427	0.336683417085427	0.336683417085427	0.173186858572971	0	0.558019101532732	0.184592742197145	0.256351587085099	0.122515032537995	0.053029721431311	0.140990835115148
"69"	0.341708542713568	0.341708542713568	0.341708542713568	0.341708542713568	0.341708542713568	0.341708542713568	0.341708542713568	0.341708542713568	0.174926417892194	0	0.567368206582085	0.184592742197145	0.260249255351145	0.122530442481711	0.053029721431311	0.141488797093733
"70"	0.346733668341709	0.346733668341709	0.346733668341709	0.346733668341709	0.346733668341709	0.346733668341709	0.346733668341709	0.346733668341709	0.176641114882977	0	0.576747325212112	0.184592742197145	0.264154520442724	0.122546080720888	0.053029721431311	0.141983000868706
"71"	0.351758793969849	0.351758793969849	0.351758793969849	0.351758793969849	0.351758793969849	0.351758793969849	0.351758793969849	0.351758793969849	0.178330949545321	0	0.586156457422812	0.184592742197145	0.268067382359839	0.122561947255528	0.053029721431311	0.142473446440067
"72"	0.35678391959799	0.35678391959799	0.35678391959799	0.35678391959799	0.35678391959799	0.35678391959799	0.35678391959799	0.35678391959799	0.179995921879225	0	0.595595603214186	0.184592742197145	0.271987841102488	0.122578042085631	0.053029721431311	0.142960133807815
"73"	0.361809045226131	0.361809045226131	0.361809045226131	0.361809045226131	0.361809045226131	0.361809045226131	0.361809045226131	0.361809045226131	0.18163603188469	0	0.605064762586233	0.184592742197145	0.275915896670671	0.122594365211196	0.053029721431311	0.143443062971952
"74"	0.366834170854271	0.366834170854271	0.366834170854271	0.366834170854271	0.366834170854271	0.366834170854271	0.366834170854271	0.366834170854271	0.183251279561716	0	0.614563935538953	0.184592742197145	0.279851549064388	0.122610916632223	0.053029721431311	0.143922233932477
"75"	0.371859296482412	0.371859296482412	0.371859296482412	0.371859296482412	0.371859296482412	0.371859296482412	0.371859296482412	0.371859296482412	0.184841664910302	0	0.624093122072347	0.184592742197145	0.28379479828364	0.122627696348713	0.053029721431311	0.14439764668939
"76"	0.376884422110553	0.376884422110553	0.376884422110553	0.376884422110553	0.376884422110553	0.376884422110553	0.376884422110553	0.376884422110553	0.186407187930448	0	0.633652322186414	0.184592742197145	0.287745644328426	0.122644704360666	0.053029721431311	0.144869301242691
"77"	0.381909547738693	0.381909547738693	0.381909547738693	0.381909547738693	0.381909547738693	0.381909547738693	0.381909547738693	0.381909547738693	0.187947848622155	0	0.643241535881155	0.184592742197145	0.291704087198747	0.122661940668081	0.053029721431311	0.145337197592381
"78"	0.386934673366834	0.386934673366834	0.386934673366834	0.386934673366834	0.386934673366834	0.386934673366834	0.386934673366834	0.386934673366834	0.189463646985423	2.85350350560383e-10	0.652860763156569	0.184592742197145	0.295670126894602	0.122679405270958	0.053029721431311	0.145801335738458
"79"	0.391959798994975	0.391959798994975	0.391959798994975	0.391959798994975	0.391959798994975	0.391959798994975	0.391959798994975	0.391959798994975	0.190954583020251	3.70837786761624e-06	0.662510004012656	0.184592742197145	0.299643763415992	0.122697098169297	0.053029721431311	0.146261715680923
"80"	0.396984924623116	0.396984924623116	0.396984924623116	0.396984924623116	0.396984924623116	0.396984924623116	0.396984924623116	0.396984924623116	0.19242065672664	1.47036776800539e-05	0.672189258449417	0.184592742197145	0.303624996762916	0.1227150193631	0.053029721431311	0.146718337419776
"81"	0.402010050251256	0.402010050251256	0.402010050251256	0.402010050251256	0.402010050251256	0.402010050251256	0.402010050251256	0.402010050251256	0.193861868104589	3.29861847876634e-05	0.681898526466851	0.184592742197145	0.307613826935374	0.122733168852364	0.053029721431311	0.147171200955017
"82"	0.407035175879397	0.407035175879397	0.407035175879397	0.407035175879397	0.407035175879397	0.407035175879397	0.407035175879397	0.407035175879397	0.195278217154099	5.85558991904449e-05	0.691637808064958	0.184592742197145	0.311610253933367	0.122751546637091	0.053029721431311	0.147620306286647
"83"	0.412060301507538	0.412060301507538	0.412060301507538	0.412060301507538	0.412060301507538	0.412060301507538	0.412060301507538	0.412060301507538	0.196682359776372	9.14128208883983e-05	0.701407103243739	0.184592742197145	0.315614277756894	0.122770152717281	0.053029721431311	0.148065653414664
"84"	0.417085427135678	0.417085427135678	0.417085427135678	0.417085427135678	0.417085427135678	0.417085427135678	0.417085427135678	0.417085427135678	0.19810149866917	0.000131556949881524	0.711196790270001	0.184592742197145	0.319625898405955	0.122788987092933	0.053029721431311	0.148507242339069
"85"	0.422110552763819	0.422110552763819	0.422110552763819	0.422110552763819	0.422110552763819	0.422110552763819	0.422110552763819	0.422110552763819	0.19953655119798	0.000178988286169821	0.720922629885555	0.184592742197145	0.323645115880551	0.122808049764047	0.053029721431311	0.148945073059863
"86"	0.42713567839196	0.42713567839196	0.42713567839196	0.42713567839196	0.42713567839196	0.42713567839196	0.42713567839196	0.42713567839196	0.200987517362803	0.00023370682975329	0.730564985899257	0.184592742197145	0.327671930180681	0.122827340730624	0.053029721431311	0.149379145577044
"87"	0.4321608040201	0.4321608040201	0.4321608040201	0.4321608040201	0.4321608040201	0.4321608040201	0.4321608040201	0.4321608040201	0.202454397163639	0.000295712580631931	0.74012385831111	0.184592742197145	0.331706341306346	0.122846859992663	0.053029721431311	0.149809459890614
"88"	0.437185929648241	0.437185929648241	0.437185929648241	0.437185929648241	0.437185929648241	0.437185929648241	0.437185929648241	0.437185929648241	0.203937190600486	0.000365005538805744	0.749599247121112	0.184592742197145	0.335748349257545	0.122866607550165	0.053029721431311	0.150236016000571
"89"	0.442211055276382	0.442211055276382	0.442211055276382	0.442211055276382	0.442211055276382	0.442211055276382	0.442211055276382	0.442211055276382	0.205435897673346	0.000441585704274729	0.758991152329264	0.184592742197145	0.339797954034278	0.122886583403129	0.053029721431311	0.150658813906917
"90"	0.447236180904523	0.447236180904523	0.447236180904523	0.447236180904523	0.447236180904523	0.447236180904523	0.447236180904523	0.447236180904523	0.206950518382219	0.000525453077038886	0.768299573935566	0.184592742197145	0.343855155636546	0.122906787551556	0.053029721431311	0.15107785360965
"91"	0.452261306532663	0.452261306532663	0.452261306532663	0.452261306532663	0.452261306532663	0.452261306532663	0.452261306532663	0.452261306532663	0.208481052727104	0.000616607657098215	0.777524511940018	0.184592742197145	0.347919954064349	0.122927219995445	0.053029721431311	0.151493135108772
"92"	0.457286432160804	0.457286432160804	0.457286432160804	0.457286432160804	0.457286432160804	0.457286432160804	0.457286432160804	0.457286432160804	0.210027500708001	0.000715049444452716	0.786665966342619	0.184592742197145	0.351992349317685	0.122947880734796	0.053029721431311	0.151904658404282
"93"	0.462311557788945	0.462311557788945	0.462311557788945	0.462311557788945	0.462311557788945	0.462311557788945	0.462311557788945	0.462311557788945	0.211589862324911	0.000820778439102389	0.79572393714337	0.184592742197145	0.356072341396556	0.12296876976961	0.053029721431311	0.152312423496179
"94"	0.467336683417085	0.467336683417085	0.467336683417085	0.467336683417085	0.467336683417085	0.467336683417085	0.467336683417085	0.467336683417085	0.213168137577833	0.000933794641047234	0.804698424342271	0.184592742197145	0.360159930300962	0.122989887099887	0.053029721431311	0.152716430384465
"95"	0.472361809045226	0.472361809045226	0.472361809045226	0.472361809045226	0.472361809045226	0.472361809045226	0.472361809045226	0.472361809045226	0.214762326466767	0.00105409805028725	0.813589427939322	0.184592742197145	0.364255116030901	0.123011232725626	0.053029721431311	0.153116679069139
"96"	0.477386934673367	0.477386934673367	0.477386934673367	0.477386934673367	0.477386934673367	0.477386934673367	0.477386934673367	0.477386934673367	0.216372428991714	0.00118168866682244	0.822396947934522	0.184592742197145	0.368357898586376	0.123032806646827	0.053029721431311	0.153513169550201
"97"	0.482412060301508	0.482412060301508	0.482412060301508	0.482412060301508	0.482412060301508	0.482412060301508	0.482412060301508	0.482412060301508	0.217998445152673	0.0013165664906528	0.831120984327872	0.184592742197145	0.372468277967384	0.123054608863491	0.053029721431311	0.153905901827651
"98"	0.487437185929648	0.487437185929648	0.487437185929648	0.487437185929648	0.487437185929648	0.487437185929648	0.487437185929648	0.487437185929648	0.219640374949645	0.00145873152177833	0.839761537119373	0.184592742197145	0.376586254173927	0.123076639375617	0.053029721431311	0.154294875901489
"99"	0.492462311557789	0.492462311557789	0.492462311557789	0.492462311557789	0.492462311557789	0.492462311557789	0.492462311557789	0.492462311557789	0.221298218382629	0.00160818376019904	0.848318606309022	0.184592742197145	0.380711827206005	0.123098898183206	0.053029721431311	0.154680091771714
"100"	0.49748743718593	0.49748743718593	0.49748743718593	0.49748743718593	0.49748743718593	0.49748743718593	0.49748743718593	0.49748743718593	0.222971975451626	0.00176492320591491	0.856792191896822	0.184592742197145	0.384844997063616	0.123121385286257	0.053029721431311	0.155061549438328
"101"	0.50251256281407	0.50251256281407	0.50251256281407	0.50251256281407	0.50251256281407	0.50251256281407	0.50251256281407	0.50251256281407	0.224661646156634	0.00192894985892596	0.865182293882771	0.184592742197145	0.388985763746763	0.12314410068477	0.053029721431311	0.155439248901331
"102"	0.507537688442211	0.507537688442211	0.507537688442211	0.507537688442211	0.507537688442211	0.507537688442211	0.507537688442211	0.507537688442211	0.226367230497656	0.00210026371923218	0.87348891226687	0.184592742197145	0.393134127255443	0.123167044378746	0.053029721431311	0.155813190160721
"103"	0.512562814070352	0.512562814070352	0.512562814070352	0.512562814070352	0.512562814070352	0.512562814070352	0.512562814070352	0.512562814070352	0.228088728474689	0.00227886478683357	0.881712047049118	0.184592742197145	0.397290087589658	0.123190216368185	0.053029721431311	0.156183373216499
"104"	0.517587939698492	0.517587939698492	0.517587939698492	0.517587939698492	0.517587939698492	0.517587939698492	0.517587939698492	0.517587939698492	0.229826140087735	0.00246475306173014	0.889851698229517	0.184592742197145	0.401453644749407	0.123213616653086	0.053029721431311	0.156549798068665
"105"	0.522613065326633	0.522613065326633	0.522613065326633	0.522613065326633	0.522613065326633	0.522613065326633	0.522613065326633	0.522613065326633	0.231579465336794	0.00265792854392187	0.897907865808065	0.184592742197145	0.405624798734691	0.123237245233449	0.053029721431311	0.156912464717219
"106"	0.527638190954774	0.527638190954774	0.527638190954774	0.527638190954774	0.527638190954774	0.527638190954774	0.527638190954774	0.527638190954774	0.233348704221865	0.00285839123340878	0.905880549784763	0.184592742197145	0.409803549545509	0.123261102109275	0.053029721431311	0.157271373162161
"107"	0.532663316582915	0.532663316582915	0.532663316582915	0.532663316582915	0.532663316582915	0.532663316582915	0.532663316582915	0.532663316582915	0.235133856742948	0.00306614113019086	0.913769750159611	0.184592742197145	0.413989897181862	0.123285187280563	0.053029721431311	0.157626523403492
"108"	0.537688442211055	0.537688442211055	0.537688442211055	0.537688442211055	0.537688442211055	0.537688442211055	0.537688442211055	0.537688442211055	0.236934922900043	0.00328117823426811	0.921575466932608	0.184592742197145	0.418183841643749	0.123309500747314	0.053029721431311	0.15797791544121
"109"	0.542713567839196	0.542713567839196	0.542713567839196	0.542713567839196	0.542713567839196	0.542713567839196	0.542713567839196	0.542713567839196	0.238751902693151	0.00350350254564054	0.929297700103756	0.184592742197145	0.42238538293117	0.123334042509527	0.053029721431311	0.158325549275316
"110"	0.547738693467337	0.547738693467337	0.547738693467337	0.547738693467337	0.547738693467337	0.547738693467337	0.547738693467337	0.547738693467337	0.240584796122272	0.00373311406430813	0.936936449673053	0.184592742197145	0.426594521044126	0.123358812567202	0.053029721431311	0.158669424905811
"111"	0.552763819095477	0.552763819095477	0.552763819095477	0.552763819095477	0.552763819095477	0.552763819095477	0.552763819095477	0.552763819095477	0.242433603187405	0.0039700127902709	0.944491715640499	0.184592742197145	0.430811255982616	0.12338381092034	0.053029721431311	0.159009542332693
"112"	0.557788944723618	0.557788944723618	0.557788944723618	0.557788944723618	0.557788944723618	0.557788944723618	0.557788944723618	0.557788944723618	0.24429832388855	0.00421419872352884	0.951963498006096	0.184592742197145	0.435035587746641	0.123409037568941	0.053029721431311	0.159345901555964
"113"	0.562814070351759	0.562814070351759	0.562814070351759	0.562814070351759	0.562814070351759	0.562814070351759	0.562814070351759	0.562814070351759	0.246178958225707	0.00446567186408195	0.959351796769842	0.184592742197145	0.4392675163362	0.123434492513004	0.053029721431311	0.159678502575622
"114"	0.5678391959799	0.5678391959799	0.5678391959799	0.5678391959799	0.5678391959799	0.5678391959799	0.5678391959799	0.5678391959799	0.248075506198877	0.00472443221193023	0.966656611931738	0.184592742197145	0.443507041751293	0.123460175752529	0.053029721431311	0.160007345391669
"115"	0.57286432160804	0.57286432160804	0.57286432160804	0.57286432160804	0.57286432160804	0.57286432160804	0.57286432160804	0.57286432160804	0.24998796780806	0.00499047976707369	0.973877943491784	0.184592742197145	0.447754163991921	0.123486087287517	0.053029721431311	0.160332430004103
"116"	0.577889447236181	0.577889447236181	0.577889447236181	0.577889447236181	0.577889447236181	0.577889447236181	0.577889447236181	0.577889447236181	0.251916343053254	0.00526381452951232	0.98101579144998	0.184592742197145	0.452008883058083	0.123512227117967	0.053029721431311	0.160653756412926
"117"	0.582914572864322	0.582914572864322	0.582914572864322	0.582914572864322	0.582914572864322	0.582914572864322	0.582914572864322	0.582914572864322	0.253860631934462	0.00554443649924612	0.988070155806325	0.184592742197145	0.456271198949779	0.12353859524388	0.053029721431311	0.160971324618136
"118"	0.587939698492462	0.587939698492462	0.587939698492462	0.587939698492462	0.587939698492462	0.587939698492462	0.587939698492462	0.587939698492462	0.255820834451681	0.00583234567627509	0.99504103656082	0.184592742197145	0.46054111166701	0.123565191665255	0.053029721431311	0.161285134619735
"119"	0.592964824120603	0.592964824120603	0.592964824120603	0.592964824120603	0.592964824120603	0.592964824120603	0.592964824120603	0.592964824120603	0.257796950604913	0.00612754206059923	1.00192843371346	0.184592742197145	0.464818621209775	0.123592016382093	0.053029721431311	0.161595186417722
"120"	0.597989949748744	0.597989949748744	0.597989949748744	0.597989949748744	0.597989949748744	0.597989949748744	0.597989949748744	0.597989949748744	0.259788980394157	0.00643002565221855	1.00873234726426	0.184592742197145	0.469103727578075	0.123619069394393	0.053029721431311	0.161901480012097
"121"	0.603015075376884	0.603015075376884	0.603015075376884	0.603015075376884	0.603015075376884	0.603015075376884	0.603015075376884	0.603015075376884	0.261796923819414	0.00673979645113303	1.0154527772132	0.184592742197145	0.473396430771909	0.123646350702155	0.053029721431311	0.16220401540286
"122"	0.608040201005025	0.608040201005025	0.608040201005025	0.608040201005025	0.608040201005025	0.608040201005025	0.608040201005025	0.608040201005025	0.263820780880683	0.00705685445734269	1.0220897235603	0.184592742197145	0.477696730791278	0.12367386030538	0.053029721431311	0.16250279259001
"123"	0.613065326633166	0.613065326633166	0.613065326633166	0.613065326633166	0.613065326633166	0.613065326633166	0.613065326633166	0.613065326633166	0.265860551577965	0.00738119967084752	1.02864318630554	0.184592742197145	0.482004627636181	0.123701598204068	0.053029721431311	0.162797811573549
"124"	0.618090452261307	0.618090452261307	0.618090452261307	0.618090452261307	0.618090452261307	0.618090452261307	0.618090452261307	0.618090452261307	0.267916235911259	0.00771283209164752	1.03511316544894	0.184592742197145	0.486320121306618	0.123729564398218	0.053029721431311	0.163089072353476
"125"	0.623115577889447	0.623115577889447	0.623115577889447	0.623115577889447	0.623115577889447	0.623115577889447	0.623115577889447	0.623115577889447	0.269987833880565	0.0080517517197427	1.04149966099048	0.184592742197145	0.490643211802589	0.12375775888783	0.053029721431311	0.163376574929791
"126"	0.628140703517588	0.628140703517588	0.628140703517588	0.628140703517588	0.628140703517588	0.628140703517588	0.628140703517588	0.628140703517588	0.272075345485884	0.00839795855513305	1.04780267293017	0.184592742197145	0.494973899124096	0.123786181672905	0.053029721431311	0.163660319302494
"127"	0.633165829145729	0.633165829145729	0.633165829145729	0.633165829145729	0.633165829145729	0.633165829145729	0.633165829145729	0.633165829145729	0.274178770727215	0.00875145259781857	1.05402220126802	0.184592742197145	0.499312183271136	0.123814832753442	0.053029721431311	0.163940305471585
"128"	0.638190954773869	0.638190954773869	0.638190954773869	0.638190954773869	0.638190954773869	0.638190954773869	0.638190954773869	0.638190954773869	0.276298109604558	0.00911223384779926	1.06015824600401	0.184592742197145	0.503658064243711	0.123843712129441	0.053029721431311	0.164216533437064
"129"	0.64321608040201	0.64321608040201	0.64321608040201	0.64321608040201	0.64321608040201	0.64321608040201	0.64321608040201	0.64321608040201	0.278433362117914	0.00948030230507512	1.06621080713815	0.184592742197145	0.50801154204182	0.123872819800904	0.053029721431311	0.164489003198932
"130"	0.648241206030151	0.648241206030151	0.648241206030151	0.648241206030151	0.648241206030151	0.648241206030151	0.648241206030151	0.648241206030151	0.280584528267282	0.00985565796964615	1.07217988467044	0.184592742197145	0.512372616665464	0.123902155767828	0.053029721431311	0.164757714757187
"131"	0.653266331658292	0.653266331658292	0.653266331658292	0.653266331658292	0.653266331658292	0.653266331658292	0.653266331658292	0.653266331658292	0.282751608052663	0.0102383008415124	1.07806547860088	0.184592742197145	0.516741288114642	0.123931720030215	0.053029721431311	0.16502266811183
"132"	0.658291457286432	0.658291457286432	0.658291457286432	0.658291457286432	0.658291457286432	0.658291457286432	0.658291457286432	0.658291457286432	0.284934601474056	0.0106282309206737	1.08386758892948	0.184592742197145	0.521117556389354	0.123961512588065	0.053029721431311	0.165283863262861
"133"	0.663316582914573	0.663316582914573	0.663316582914573	0.663316582914573	0.663316582914573	0.663316582914573	0.663316582914573	0.663316582914573	0.287133508531462	0.0110254482071303	1.08958621565622	0.184592742197145	0.525501421489601	0.123991533441376	0.053029721431311	0.16554130021028
"134"	0.668341708542714	0.668341708542714	0.668341708542714	0.668341708542714	0.668341708542714	0.668341708542714	0.668341708542714	0.668341708542714	0.289348329224879	0.011429952700882	1.09522135878111	0.184592742197145	0.529892883415382	0.124021782590151	0.053029721431311	0.165794978954088
"135"	0.673366834170854	0.673366834170854	0.673366834170854	0.673366834170854	0.673366834170854	0.673366834170854	0.673366834170854	0.673366834170854	0.29157906355431	0.0118417444019289	1.10077301830415	0.184592742197145	0.534291942166698	0.124052260034388	0.053029721431311	0.166044899494283
"136"	0.678391959798995	0.678391959798995	0.678391959798995	0.678391959798995	0.678391959798995	0.678391959798995	0.678391959798995	0.678391959798995	0.293825711519752	0.012260823310271	1.10624119422534	0.184592742197145	0.538698597743548	0.124082965774087	0.053029721431311	0.166291061830867
"137"	0.683417085427136	0.683417085427136	0.683417085427136	0.683417085427136	0.683417085427136	0.683417085427136	0.683417085427136	0.683417085427136	0.296088273121207	0.0126871894259082	1.11162588654468	0.184592742197145	0.543112850145932	0.124113899809248	0.053029721431311	0.166533465963838
"138"	0.688442211055276	0.688442211055276	0.688442211055276	0.688442211055276	0.688442211055276	0.688442211055276	0.688442211055276	0.688442211055276	0.298366748358675	0.0131208427488406	1.11692709526217	0.184592742197145	0.547534699373851	0.124145062139873	0.053029721431311	0.166772111893198
"139"	0.693467336683417	0.693467336683417	0.693467336683417	0.693467336683417	0.693467336683417	0.693467336683417	0.693467336683417	0.693467336683417	0.300661137232155	0.0135617832790682	1.12214482037781	0.184592742197145	0.551964145427304	0.124176452765959	0.053029721431311	0.167006999618945
"140"	0.698492462311558	0.698492462311558	0.698492462311558	0.698492462311558	0.698492462311558	0.698492462311558	0.698492462311558	0.698492462311558	0.302971439741647	0.014010011016591	1.1272790618916	0.184592742197145	0.556401188306292	0.124208071687508	0.053029721431311	0.167238129141081
"141"	0.703517587939699	0.703517587939699	0.703517587939699	0.703517587939699	0.703517587939699	0.703517587939699	0.703517587939699	0.703517587939699	0.305297655887152	0.0144655259614089	1.13232981980354	0.184592742197145	0.560845828010814	0.12423991890452	0.053029721431311	0.167465500459604
"142"	0.708542713567839	0.708542713567839	0.708542713567839	0.708542713567839	0.708542713567839	0.708542713567839	0.708542713567839	0.708542713567839	0.307639785668669	0.014928328113522	1.13729709411363	0.184592742197145	0.56529806454087	0.124271994416993	0.053029721431311	0.167689113574516
"143"	0.71356783919598	0.71356783919598	0.71356783919598	0.71356783919598	0.71356783919598	0.71356783919598	0.71356783919598	0.71356783919598	0.309997829086198	0.0153984174729302	1.14218088482187	0.184592742197145	0.569757897896461	0.12430429822493	0.053029721431311	0.167908968485816
"144"	0.718592964824121	0.718592964824121	0.718592964824121	0.718592964824121	0.718592964824121	0.718592964824121	0.718592964824121	0.718592964824121	0.31237178613974	0.0158757940396337	1.14698119192826	0.184592742197145	0.574225328077586	0.124336830328329	0.053029721431311	0.168125065193503
"145"	0.723618090452261	0.723618090452261	0.723618090452261	0.723618090452261	0.723618090452261	0.723618090452261	0.723618090452261	0.723618090452261	0.314761656829294	0.0163604578136323	1.1516980154328	0.184592742197145	0.578700355084246	0.12436959072719	0.053029721431311	0.168337403697579
"146"	0.728643216080402	0.728643216080402	0.728643216080402	0.728643216080402	0.728643216080402	0.728643216080402	0.728643216080402	0.728643216080402	0.317167441154861	0.0168524087949261	1.15633135533549	0.184592742197145	0.583182978916439	0.124402579421514	0.053029721431311	0.168545983998043
"147"	0.733668341708543	0.733668341708543	0.733668341708543	0.733668341708543	0.733668341708543	0.733668341708543	0.733668341708543	0.733668341708543	0.31958913911644	0.017351646983515	1.16088121163632	0.184592742197145	0.587673199574168	0.1244357964113	0.053029721431311	0.168750806094895
"148"	0.738693467336683	0.738693467336683	0.738693467336683	0.738693467336683	0.738693467336683	0.738693467336683	0.738693467336683	0.738693467336683	0.322026750714031	0.0178581723793992	1.16534758433531	0.184592742197145	0.59217101705743	0.124469241696548	0.053029721431311	0.168951869988135
"149"	0.743718592964824	0.743718592964824	0.743718592964824	0.743718592964824	0.743718592964824	0.743718592964824	0.743718592964824	0.743718592964824	0.324480275947635	0.0183719849825785	1.16973047343245	0.184592742197145	0.596676431366228	0.124502915277259	0.053029721431311	0.169149175677763
"150"	0.748743718592965	0.748743718592965	0.748743718592965	0.748743718592965	0.748743718592965	0.748743718592965	0.748743718592965	0.748743718592965	0.326949714817251	0.0188930847930529	1.17402987892774	0.184592742197145	0.601189442500559	0.124536817153433	0.053029721431311	0.169342723163779
"151"	0.753768844221106	0.753768844221106	0.753768844221106	0.753768844221106	0.753768844221106	0.753768844221106	0.753768844221106	0.753768844221106	0.329435067322879	0.0194214718108226	1.17824580082117	0.184592742197145	0.605710050460425	0.124570947325069	0.053029721431311	0.169532512446183
"152"	0.758793969849246	0.758793969849246	0.758793969849246	0.758793969849246	0.758793969849246	0.758793969849246	0.758793969849246	0.758793969849246	0.33193633346452	0.0199571460358874	1.18237823911276	0.184592742197145	0.610238255245825	0.124605305792167	0.053029721431311	0.169718543524975
"153"	0.763819095477387	0.763819095477387	0.763819095477387	0.763819095477387	0.763819095477387	0.763819095477387	0.763819095477387	0.763819095477387	0.334453513242174	0.0205001074682474	1.1864271938025	0.184592742197145	0.61477405685676	0.124639892554728	0.053029721431311	0.169900816400155
"154"	0.768844221105528	0.768844221105528	0.768844221105528	0.768844221105528	0.768844221105528	0.768844221105528	0.768844221105528	0.768844221105528	0.33698660665584	0.0210503561079026	1.19039266489038	0.184592742197145	0.619317455293229	0.124674707612751	0.053029721431311	0.170079331071723
"155"	0.773869346733668	0.773869346733668	0.773869346733668	0.773869346733668	0.773869346733668	0.773869346733668	0.773869346733668	0.773869346733668	0.339535613705518	0.0216078919548529	1.19427465237642	0.184592742197145	0.623868450555233	0.124709750966237	0.053029721431311	0.170254087539679
"156"	0.778894472361809	0.778894472361809	0.778894472361809	0.778894472361809	0.778894472361809	0.778894472361809	0.778894472361809	0.778894472361809	0.342100534391208	0.0221727150090984	1.19807315626061	0.184592742197145	0.628427042642771	0.124745022615185	0.053029721431311	0.170425085804023
"157"	0.78391959798995	0.78391959798995	0.78391959798995	0.78391959798995	0.78391959798995	0.78391959798995	0.78391959798995	0.78391959798995	0.344681368712911	0.0227448252706391	1.20178817654294	0.184592742197145	0.632993231555843	0.124780522559596	0.053029721431311	0.170592325864755
"158"	0.78894472361809	0.78894472361809	0.78894472361809	0.78894472361809	0.78894472361809	0.78894472361809	0.78894472361809	0.78894472361809	0.347278116670627	0.0233242227394749	1.20541971322343	0.184592742197145	0.63756701729445	0.124816250799469	0.053029721431311	0.170755807721876
"159"	0.793969849246231	0.793969849246231	0.793969849246231	0.793969849246231	0.793969849246231	0.793969849246231	0.793969849246231	0.793969849246231	0.349890778264354	0.0239109074156059	1.20896776630206	0.184592742197145	0.642148399858591	0.124852207334805	0.053029721431311	0.170915531375384
"160"	0.798994974874372	0.798994974874372	0.798994974874372	0.798994974874372	0.798994974874372	0.798994974874372	0.798994974874372	0.798994974874372	0.352519353494094	0.0245048792990321	1.21243233577885	0.184592742197145	0.646737379248266	0.124888392165603	0.053029721431311	0.17107149682528
"161"	0.804020100502513	0.804020100502513	0.804020100502513	0.804020100502513	0.804020100502513	0.804020100502513	0.804020100502513	0.804020100502513	0.355163842359847	0.0251061383897535	1.21581342165378	0.184592742197145	0.651333955463476	0.124924805291863	0.053029721431311	0.171223704071565
"162"	0.809045226130653	0.809045226130653	0.809045226130653	0.809045226130653	0.809045226130653	0.809045226130653	0.809045226130653	0.809045226130653	0.357824244861612	0.02571468468777	1.21911102392687	0.184592742197145	0.65593812850422	0.124961446713586	0.053029721431311	0.171372153114237
"163"	0.814070351758794	0.814070351758794	0.814070351758794	0.814070351758794	0.814070351758794	0.814070351758794	0.814070351758794	0.814070351758794	0.360500560999389	0.0263305181930817	1.2223251425981	0.184592742197145	0.660549898370499	0.124998316430771	0.053029721431311	0.171516843953298
"164"	0.819095477386935	0.819095477386935	0.819095477386935	0.819095477386935	0.819095477386935	0.819095477386935	0.819095477386935	0.819095477386935	0.363192790773179	0.0269536389056886	1.22545577766748	0.184592742197145	0.665169265062312	0.125035414443419	0.053029721431311	0.171657776588746
"165"	0.824120603015075	0.824120603015075	0.824120603015075	0.824120603015075	0.824120603015075	0.824120603015075	0.824120603015075	0.824120603015075	0.365900934182981	0.0275840468255907	1.22850292913502	0.184592742197145	0.669796228579659	0.125072740751529	0.053029721431311	0.171794951020583
"166"	0.829145728643216	0.829145728643216	0.829145728643216	0.829145728643216	0.829145728643216	0.829145728643216	0.829145728643216	0.829145728643216	0.368624991228795	0.0282217419527879	1.2314665970007	0.184592742197145	0.674430788922541	0.125110295355102	0.053029721431311	0.171928367248807
"167"	0.834170854271357	0.834170854271357	0.834170854271357	0.834170854271357	0.834170854271357	0.834170854271357	0.834170854271357	0.834170854271357	0.371364961910622	0.0288667242872803	1.23434678126454	0.184592742197145	0.679072946090957	0.125148078254137	0.053029721431311	0.17205802527342
"168"	0.839195979899497	0.839195979899497	0.839195979899497	0.839195979899497	0.839195979899497	0.839195979899497	0.839195979899497	0.839195979899497	0.374120846228462	0.0295189938290679	1.23714348192652	0.184592742197145	0.683722700084908	0.125186089448634	0.053029721431311	0.172183925094421
"169"	0.844221105527638	0.844221105527638	0.844221105527638	0.844221105527638	0.844221105527638	0.844221105527638	0.844221105527638	0.844221105527638	0.376892644182313	0.0301785505781506	1.23985669898665	0.184592742197145	0.688380050904393	0.125224328938594	0.053029721431311	0.172306066711809
"170"	0.849246231155779	0.849246231155779	0.849246231155779	0.849246231155779	0.849246231155779	0.849246231155779	0.849246231155779	0.849246231155779	0.379680355772177	0.0308453945345285	1.24248643244493	0.184592742197145	0.693044998549413	0.125262796724017	0.053029721431311	0.172424450125586
"171"	0.85427135678392	0.85427135678392	0.85427135678392	0.85427135678392	0.85427135678392	0.85427135678392	0.85427135678392	0.85427135678392	0.382483980998054	0.0315195256982016	1.24503268230137	0.184592742197145	0.697717543019966	0.125301492804902	0.053029721431311	0.172539075335751
"172"	0.85929648241206	0.85929648241206	0.85929648241206	0.85929648241206	0.85929648241206	0.85929648241206	0.85929648241206	0.85929648241206	0.385303519859943	0.0322009440691699	1.24749544855595	0.184592742197145	0.702397684316055	0.125340417181249	0.053029721431311	0.172649942342304
"173"	0.864321608040201	0.864321608040201	0.864321608040201	0.864321608040201	0.864321608040201	0.864321608040201	0.864321608040201	0.864321608040201	0.388138972357844	0.0328896496474333	1.24987473120868	0.184592742197145	0.707085422437677	0.125379569853059	0.053029721431311	0.172757051145245
"174"	0.869346733668342	0.869346733668342	0.869346733668342	0.869346733668342	0.869346733668342	0.869346733668342	0.869346733668342	0.869346733668342	0.390990338491757	0.0335856424329919	1.25217053025956	0.184592742197145	0.711780757384834	0.125418950820331	0.053029721431311	0.172860401744574
"175"	0.874371859296482	0.874371859296482	0.874371859296482	0.874371859296482	0.874371859296482	0.874371859296482	0.874371859296482	0.874371859296482	0.393857618261684	0.0342889224258456	1.25438284570859	0.184592742197145	0.716483689157526	0.125458560083066	0.053029721431311	0.172959994140291
"176"	0.879396984924623	0.879396984924623	0.879396984924623	0.879396984924623	0.879396984924623	0.879396984924623	0.879396984924623	0.879396984924623	0.396740811667622	0.0349994896259946	1.25651167755577	0.184592742197145	0.721194217755751	0.125498397641263	0.053029721431311	0.173055828332396
"177"	0.884422110552764	0.884422110552764	0.884422110552764	0.884422110552764	0.884422110552764	0.884422110552764	0.884422110552764	0.884422110552764	0.399639918709573	0.0357173440334387	1.2585570258011	0.184592742197145	0.725912343179512	0.125538463494923	0.053029721431311	0.173147904320889
"178"	0.889447236180904	0.889447236180904	0.889447236180904	0.889447236180904	0.889447236180904	0.889447236180904	0.889447236180904	0.889447236180904	0.402554939387536	0.036442485648178	1.26051889044459	0.184592742197145	0.730638065428806	0.125578757644045	0.053029721431311	0.17323622210577
"179"	0.894472361809045	0.894472361809045	0.894472361809045	0.894472361809045	0.894472361809045	0.894472361809045	0.894472361809045	0.894472361809045	0.405485873701512	0.0371749144702125	1.26239727148622	0.184592742197145	0.735371384503635	0.125619280088629	0.053029721431311	0.173320781687039
"180"	0.899497487437186	0.899497487437186	0.899497487437186	0.899497487437186	0.899497487437186	0.899497487437186	0.899497487437186	0.899497487437186	0.4084327216515	0.0379146304995421	1.264192168926	0.184592742197145	0.740112300403998	0.125660030828676	0.053029721431311	0.173401583064696
"181"	0.904522613065327	0.904522613065327	0.904522613065327	0.904522613065327	0.904522613065327	0.904522613065327	0.904522613065327	0.904522613065327	0.4113954832375	0.0386616337361669	1.26590358276393	0.184592742197145	0.744860813129896	0.125701009864185	0.053029721431311	0.173478626238741
"182"	0.909547738693467	0.909547738693467	0.909547738693467	0.909547738693467	0.909547738693467	0.909547738693467	0.909547738693467	0.909547738693467	0.414374158459513	0.0394159241800869	1.26753151300001	0.184592742197145	0.749616922681328	0.125742217195157	0.053029721431311	0.173551911209174
"183"	0.914572864321608	0.914572864321608	0.914572864321608	0.914572864321608	0.914572864321608	0.914572864321608	0.914572864321608	0.914572864321608	0.417368747317538	0.040177501831302	1.26907595963423	0.184592742197145	0.754380629058295	0.125783652821591	0.053029721431311	0.173621437975996
"184"	0.919597989949749	0.919597989949749	0.919597989949749	0.919597989949749	0.919597989949749	0.919597989949749	0.919597989949749	0.919597989949749	0.420379249811576	0.0409463666898123	1.27053692266661	0.184592742197145	0.759151932260796	0.125825316743488	0.053029721431311	0.173687206539205
"185"	0.924623115577889	0.924623115577889	0.924623115577889	0.924623115577889	0.924623115577889	0.924623115577889	0.924623115577889	0.924623115577889	0.423405665941626	0.0417225187556178	1.27191440209714	0.184592742197145	0.763930832288831	0.125867208960847	0.053029721431311	0.173749216898802
"186"	0.92964824120603	0.92964824120603	0.92964824120603	0.92964824120603	0.92964824120603	0.92964824120603	0.92964824120603	0.92964824120603	0.426447995707688	0.0425059580287185	1.27320839792582	0.184592742197145	0.768717329142401	0.125909329473669	0.053029721431311	0.173807469054788
"187"	0.934673366834171	0.934673366834171	0.934673366834171	0.934673366834171	0.934673366834171	0.934673366834171	0.934673366834171	0.934673366834171	0.429506239109763	0.0432966845091143	1.27441891015265	0.184592742197145	0.773511422821505	0.125951678281953	0.053029721431311	0.173861963007161
"188"	0.939698492462312	0.939698492462312	0.939698492462312	0.939698492462312	0.939698492462312	0.939698492462312	0.939698492462312	0.939698492462312	0.43258039614785	0.0440946981968053	1.27554593877763	0.184592742197145	0.778313113326144	0.1259942553857	0.053029721431311	0.173912698755923
"189"	0.944723618090452	0.944723618090452	0.944723618090452	0.944723618090452	0.944723618090452	0.944723618090452	0.944723618090452	0.944723618090452	0.43567046682195	0.0448999990917915	1.27658948380076	0.184592742197145	0.783122400656317	0.126037060784909	0.053029721431311	0.173959676301072
"190"	0.949748743718593	0.949748743718593	0.949748743718593	0.949748743718593	0.949748743718593	0.949748743718593	0.949748743718593	0.949748743718593	0.438776451132061	0.0457125871940729	1.27754954522203	0.184592742197145	0.787939284812024	0.12608009447958	0.053029721431311	0.17400289564261
"191"	0.954773869346734	0.954773869346734	0.954773869346734	0.954773869346734	0.954773869346734	0.954773869346734	0.954773869346734	0.954773869346734	0.441898349078186	0.0465324625036494	1.27842612304146	0.184592742197145	0.792763765793266	0.126123356469714	0.053029721431311	0.174042356780535
"192"	0.959798994974874	0.959798994974874	0.959798994974874	0.959798994974874	0.959798994974874	0.959798994974874	0.959798994974874	0.959798994974874	0.445036160660322	0.0473596250205211	1.27921921725904	0.184592742197145	0.797595843600042	0.12616684675531	0.053029721431311	0.174078059714849
"193"	0.964824120603015	0.964824120603015	0.964824120603015	0.964824120603015	0.964824120603015	0.964824120603015	0.964824120603015	0.964824120603015	0.448189885878472	0.0481940747446879	1.27992882787477	0.184592742197145	0.802435518232352	0.126210565336369	0.053029721431311	0.17411000444555
"194"	0.969849246231156	0.969849246231156	0.969849246231156	0.969849246231156	0.969849246231156	0.969849246231156	0.969849246231156	0.969849246231156	0.451359524732633	0.04903581167615	1.28055495488864	0.184592742197145	0.807282789690197	0.12625451221289	0.053029721431311	0.17413819097264
"195"	0.974874371859296	0.974874371859296	0.974874371859296	0.974874371859296	0.974874371859296	0.974874371859296	0.974874371859296	0.974874371859296	0.454545077222807	0.0498848358149072	1.28109759830067	0.184592742197145	0.812137657973576	0.126298687384874	0.053029721431311	0.174162619296118
"196"	0.979899497487437	0.979899497487437	0.979899497487437	0.979899497487437	0.979899497487437	0.979899497487437	0.979899497487437	0.979899497487437	0.457746543348994	0.0507411471609596	1.28155675811085	0.184592742197145	0.81700012308249	0.12634309085232	0.053029721431311	0.174183289415984
"197"	0.984924623115578	0.984924623115578	0.984924623115578	0.984924623115578	0.984924623115578	0.984924623115578	0.984924623115578	0.984924623115578	0.460963923111192	0.0516047457143071	1.28193243431917	0.184592742197145	0.821870185016938	0.126387722615228	0.053029721431311	0.174200201332238
"198"	0.989949748743719	0.989949748743719	0.989949748743719	0.989949748743719	0.989949748743719	0.989949748743719	0.989949748743719	0.989949748743719	0.464197216509403	0.0524756314749498	1.28222462692565	0.184592742197145	0.826747843776921	0.126432582673599	0.053029721431311	0.174213355044879
"199"	0.994974874371859	0.994974874371859	0.994974874371859	0.994974874371859	0.994974874371859	0.994974874371859	0.994974874371859	0.994974874371859	0.467446423543627	0.0533538044428878	1.28243333593027	0.184592742197145	0.831633099362437	0.126477671027433	0.053029721431311	0.174222750553909
"200"	1	1	1	1	1	1	1	1	0.470711544213863	0.0542392646181208	1.28255856133305	0.184592742197145	0.836525951773489	0.126522987676729	0.053029721431311	0.174228387859327
