""	"x.MAT"	"x.MAP"	"x.pH"	"x.TC"	"x.CN"	"x.tree"	"x.soil"	"x.dist"	"y.MAT"	"y.MAP"	"y.pH"	"y.TC"	"y.CN"	"y.tree"	"y.soil"	"y.dist"
"1"	0	0	0	0	0	0	0	0	0	0	0	0	0	0	0	0
"2"	0.0050251256281407	0.0050251256281407	0.0050251256281407	0.0050251256281407	0.0050251256281407	0.0050251256281407	0.0050251256281407	0.0050251256281407	0.00563841129524075	4.49663827722884e-06	0.0124532316528001	0	0.00317425930731582	0.330689726749001	0.00402785282911561	0.666350147171195
"3"	0.0100502512562814	0.0100502512562814	0.0100502512562814	0.0100502512562814	0.0100502512562814	0.0100502512562814	0.0100502512562814	0.0100502512562814	0.0112383494819245	1.79865531089154e-05	0.0248129824639838	0	0.00634021904856741	0.330694149069821	0.00402785282911561	0.667997825923561
"4"	0.0150753768844221	0.0150753768844221	0.0150753768844221	0.0150753768844221	0.0150753768844221	0.0150753768844221	0.0150753768844221	0.0150753768844221	0.0167998145600512	4.04697444950596e-05	0.0370792524335513	0	0.00949787922375474	0.330701519604521	0.00402785282911561	0.669637204027299
"5"	0.0201005025125628	0.0201005025125628	0.0201005025125628	0.0201005025125628	0.0201005025125628	0.0201005025125628	0.0201005025125628	0.0201005025125628	0.0223228065296208	7.19462124356615e-05	0.0492520415615023	0	0.0126472398328779	0.330711838353101	0.00402785282911561	0.671268281482412
"6"	0.0251256281407035	0.0251256281407035	0.0251256281407035	0.0251256281407035	0.0251256281407035	0.0251256281407035	0.0251256281407035	0.0251256281407035	0.0278073253906334	0.000112415956930721	0.0613313498478371	0	0.0157883008759368	0.330725105315561	0.00402785282911561	0.672891058288897
"7"	0.0301507537688442	0.0301507537688442	0.0301507537688442	0.0301507537688442	0.0301507537688442	0.0301507537688442	0.0301507537688442	0.0301507537688442	0.033253371143089	0.000161878977980238	0.0733171772925554	0	0.0189210623529314	0.3307413204919	0.00402785282911561	0.674505534446756
"8"	0.0351758793969849	0.0351758793969849	0.0351758793969849	0.0351758793969849	0.0351758793969849	0.0351758793969849	0.0351758793969849	0.0351758793969849	0.0386609437869876	0.000220335275584213	0.0852095238956574	0	0.0220455242638619	0.33076048388212	0.00402785282911561	0.676111709955989
"9"	0.0402010050251256	0.0402010050251256	0.0402010050251256	0.0402010050251256	0.0402010050251256	0.0402010050251256	0.0402010050251256	0.0402010050251256	0.044030043322329	0.000287784849742646	0.097008389657143	0	0.025161686608728	0.330782595486219	0.00402785282911561	0.677709584816595
"10"	0.0452261306532663	0.0452261306532663	0.0452261306532663	0.0452261306532663	0.0452261306532663	0.0452261306532663	0.0452261306532663	0.0452261306532663	0.0493606697491135	0.000364227700455536	0.108713774577012	0	0.02826954938753	0.330807655304199	0.00402785282911561	0.679299159028575
"11"	0.050251256281407	0.050251256281407	0.050251256281407	0.050251256281407	0.050251256281407	0.050251256281407	0.050251256281407	0.050251256281407	0.0546528230673409	0.000449663827722884	0.120325678655265	0	0.0313691126002677	0.330835663336058	0.00402785282911561	0.680880432591928
"12"	0.0552763819095477	0.0552763819095477	0.0552763819095477	0.0552763819095477	0.0552763819095477	0.0552763819095477	0.0552763819095477	0.0552763819095477	0.0599065032770113	0.00054409323154469	0.131844101891902	0	0.0344603762469412	0.330866619581798	0.00402785282911561	0.682453405506654
"13"	0.0603015075376884	0.0603015075376884	0.0603015075376884	0.0603015075376884	0.0603015075376884	0.0603015075376884	0.0603015075376884	0.0603015075376884	0.0651217103781247	0.000647515911920953	0.143269044286922	0	0.0375433403275505	0.330900524041417	0.00402785282911561	0.684018077772754
"14"	0.0653266331658292	0.0653266331658292	0.0653266331658292	0.0653266331658292	0.0653266331658292	0.0653266331658292	0.0653266331658292	0.0653266331658292	0.070298444370681	0.000759931868851674	0.154600505840326	0	0.0406180048420955	0.330937376714916	0.00402785282911561	0.685574449390228
"15"	0.0703517587939698	0.0703517587939698	0.0703517587939698	0.0703517587939698	0.0703517587939698	0.0703517587939698	0.0703517587939698	0.0703517587939698	0.0754367052546803	0.000881341102336853	0.165838486552114	0	0.0436843697905763	0.330977177602295	0.00402785282911561	0.687122520359075
"16"	0.0753768844221106	0.0753768844221106	0.0753768844221106	0.0753768844221106	0.0753768844221106	0.0753768844221106	0.0753768844221106	0.0753768844221106	0.0805364930301226	0.00101174361237649	0.176982986422285	0	0.0467424351729929	0.331019926703554	0.00402785282911561	0.688662290679295
"17"	0.0804020100502513	0.0804020100502513	0.0804020100502513	0.0804020100502513	0.0804020100502513	0.0804020100502513	0.0804020100502513	0.0804020100502513	0.0855978076970078	0.00115113939897058	0.18803400545084	0	0.0497922009893453	0.331065624018693	0.00402785282911561	0.690193760350889
"18"	0.085427135678392	0.085427135678392	0.085427135678392	0.085427135678392	0.085427135678392	0.085427135678392	0.085427135678392	0.085427135678392	0.090620649255336	0.00129952846211914	0.198991543637779	0	0.0528336672396334	0.331114269547712	0.00402785282911561	0.691716929373856
"19"	0.0904522613065327	0.0904522613065327	0.0904522613065327	0.0904522613065327	0.0904522613065327	0.0904522613065327	0.0904522613065327	0.0904522613065327	0.0956050177051071	0.00145691080182215	0.209855600983101	0	0.0558668339238573	0.331165863290611	0.00402785282911561	0.693231797748197
"20"	0.0954773869346734	0.0954773869346734	0.0954773869346734	0.0954773869346734	0.0954773869346734	0.0954773869346734	0.0954773869346734	0.0954773869346734	0.100550913046321	0.00162328641807961	0.220626177486807	0	0.0588917010420169	0.33122040524739	0.00402785282911561	0.694738365473911
"21"	0.100502512562814	0.100502512562814	0.100502512562814	0.100502512562814	0.100502512562814	0.100502512562814	0.100502512562814	0.100502512562814	0.105458335278978	0.00179865531089154	0.231303273148896	0	0.0619082685941124	0.331277895418049	0.00402785282911561	0.696236632550999
"22"	0.105527638190955	0.105527638190955	0.105527638190955	0.105527638190955	0.105527638190955	0.105527638190955	0.105527638190955	0.105527638190955	0.110327284403078	0.00198301748025792	0.241886887969369	0	0.0649165365801436	0.331338333802588	0.00402785282911561	0.69772659897946
"23"	0.110552763819095	0.110552763819095	0.110552763819095	0.110552763819095	0.110552763819095	0.110552763819095	0.110552763819095	0.110552763819095	0.115157760418621	0.00217637292617876	0.252377021948226	0	0.0679165050001105	0.331401720401006	0.00402785282911561	0.699208264759295
"24"	0.115577889447236	0.115577889447236	0.115577889447236	0.115577889447236	0.115577889447236	0.115577889447236	0.115577889447236	0.115577889447236	0.119949763325607	0.00237872164865406	0.262773675085467	0	0.0709081738540132	0.331468055213305	0.00402785282911561	0.700681629890503
"25"	0.120603015075377	0.120603015075377	0.120603015075377	0.120603015075377	0.120603015075377	0.120603015075377	0.120603015075377	0.120603015075377	0.124703293124036	0.00259006364768382	0.273076847381091	0	0.0738915431418517	0.331537338239483	0.00402785282911561	0.702146694373085
"26"	0.125628140703518	0.125628140703518	0.125628140703518	0.125628140703518	0.125628140703518	0.125628140703518	0.125628140703518	0.125628140703518	0.129418349813908	0.00281039892326803	0.283286538835099	0	0.076866612863626	0.331609569479542	0.00402785282911561	0.70360345820704
"27"	0.130653266331658	0.130653266331658	0.130653266331658	0.130653266331658	0.130653266331658	0.130653266331658	0.130653266331658	0.130653266331658	0.134094933395223	0.0030397274754067	0.29340274944749	0	0.079833383019336	0.33168474893348	0.00402785282911561	0.705051921392369
"28"	0.135678391959799	0.135678391959799	0.135678391959799	0.135678391959799	0.135678391959799	0.135678391959799	0.135678391959799	0.135678391959799	0.138733043867981	0.00327804930409983	0.303425479218265	0	0.0827918536089818	0.331762876601299	0.00402785282911561	0.706492083929071
"29"	0.14070351758794	0.14070351758794	0.14070351758794	0.14070351758794	0.14070351758794	0.14070351758794	0.14070351758794	0.14070351758794	0.143332681232181	0.00352536440934741	0.313354728147424	0	0.0857420246325634	0.331843952482997	0.00402785282911561	0.707923945817147
"30"	0.14572864321608	0.14572864321608	0.14572864321608	0.14572864321608	0.14572864321608	0.14572864321608	0.14572864321608	0.14572864321608	0.147893845487825	0.00378167279114946	0.323190496234966	0	0.0886838960900808	0.331927976578575	0.00402785282911561	0.709347507056596
"31"	0.150753768844221	0.150753768844221	0.150753768844221	0.150753768844221	0.150753768844221	0.150753768844221	0.150753768844221	0.150753768844221	0.152416536634912	0.00404697444950596	0.332932783480893	0	0.0916174679815339	0.332014948888033	0.00402785282911561	0.710762767647418
"32"	0.155778894472362	0.155778894472362	0.155778894472362	0.155778894472362	0.155778894472362	0.155778894472362	0.155778894472362	0.155778894472362	0.156900754673442	0.00432126938441692	0.342581589885202	0	0.0945427403069228	0.332104869411371	0.00402785282911561	0.712169727589614
"33"	0.160804020100503	0.160804020100503	0.160804020100503	0.160804020100503	0.160804020100503	0.160804020100503	0.160804020100503	0.160804020100503	0.161346499603414	0.00460455759588234	0.352136915447896	0	0.0974597130662474	0.332197738148589	0.00402785282911561	0.713568386883184
"34"	0.165829145728643	0.165829145728643	0.165829145728643	0.165829145728643	0.165829145728643	0.165829145728643	0.165829145728643	0.165829145728643	0.16575377142483	0.00489683908390221	0.361598760168973	0	0.100368386259508	0.332293555099687	0.00402785282911561	0.714958745528127
"35"	0.170854271356784	0.170854271356784	0.170854271356784	0.170854271356784	0.170854271356784	0.170854271356784	0.170854271356784	0.170854271356784	0.170122570137688	0.00519811384847655	0.370967124048433	0	0.103268759886704	0.332392320264665	0.00402785282911561	0.716340803524443
"36"	0.175879396984925	0.175879396984925	0.175879396984925	0.175879396984925	0.175879396984925	0.175879396984925	0.175879396984925	0.175879396984925	0.17445289574199	0.00550838188960534	0.380242007086278	0	0.106160833947836	0.332494033643523	0.00402785282911561	0.717714560872133
"37"	0.180904522613065	0.180904522613065	0.180904522613065	0.180904522613065	0.180904522613065	0.180904522613065	0.180904522613065	0.180904522613065	0.178744748237735	0.00582764320728859	0.389423409282506	0	0.109044608442904	0.332598695236261	0.00402785282911561	0.719080017571196
"38"	0.185929648241206	0.185929648241206	0.185929648241206	0.185929648241206	0.185929648241206	0.185929648241206	0.185929648241206	0.185929648241206	0.182998127624922	0.00615589780152629	0.398511330637117	0	0.111920083371907	0.332706305042879	0.00402785282911561	0.720437173621633
"39"	0.190954773869347	0.190954773869347	0.190954773869347	0.190954773869347	0.190954773869347	0.190954773869347	0.190954773869347	0.190954773869347	0.187213033903552	0.00649314567231846	0.407505771150113	0	0.114787258734846	0.332816863063376	0.00402785282911561	0.721786029023443
"40"	0.195979899497487	0.195979899497487	0.195979899497487	0.195979899497487	0.195979899497487	0.195979899497487	0.195979899497487	0.195979899497487	0.191389467073626	0.00683938681966508	0.416406730821492	0	0.117646134531721	0.332930369297754	0.00402785282911561	0.723126583776627
"41"	0.201005025125628	0.201005025125628	0.201005025125628	0.201005025125628	0.201005025125628	0.201005025125628	0.201005025125628	0.201005025125628	0.195527427135142	0.00719462124356616	0.425214209651254	0	0.120496710762532	0.333046823746012	0.00402785282911561	0.724458837881185
"42"	0.206030150753769	0.206030150753769	0.206030150753769	0.206030150753769	0.206030150753769	0.206030150753769	0.206030150753769	0.206030150753769	0.199626914088101	0.00755884894402169	0.433928207639401	0	0.123338987427279	0.333166226408149	0.00402785282911561	0.725782791337115
"43"	0.21105527638191	0.21105527638191	0.21105527638191	0.21105527638191	0.21105527638191	0.21105527638191	0.21105527638191	0.21105527638191	0.203687927932504	0.00793206992103169	0.442548724785931	0	0.126172964525961	0.333288577284166	0.00402785282911561	0.72709844414442
"44"	0.21608040201005	0.21608040201005	0.21608040201005	0.21608040201005	0.21608040201005	0.21608040201005	0.21608040201005	0.21608040201005	0.207710468668349	0.00831428417459614	0.451075761090844	0	0.128998642058579	0.333413876374064	0.00402785282911561	0.728405796303097
"45"	0.221105527638191	0.221105527638191	0.221105527638191	0.221105527638191	0.221105527638191	0.221105527638191	0.221105527638191	0.221105527638191	0.211694536295637	0.00870549170471505	0.459509316554142	0	0.131816020025133	0.333542123677841	0.00402785282911561	0.729704847813148
"46"	0.226130653266332	0.226130653266332	0.226130653266332	0.226130653266332	0.226130653266332	0.226130653266332	0.226130653266332	0.226130653266332	0.215640130814368	0.00910569251138842	0.467849391175822	0	0.134625098425623	0.333673319195498	0.00402785282911561	0.730995598674573
"47"	0.231155778894472	0.231155778894472	0.231155778894472	0.231155778894472	0.231155778894472	0.231155778894472	0.231155778894472	0.231155778894472	0.219547252224542	0.00951488659461624	0.476095984955887	0	0.137425877260048	0.333807462927035	0.00402785282911561	0.732278048887371
"48"	0.236180904522613	0.236180904522613	0.236180904522613	0.236180904522613	0.236180904522613	0.236180904522613	0.236180904522613	0.236180904522613	0.22341590052616	0.00993307395439852	0.484249097894335	0	0.140216466328836	0.333944554872453	0.00402785282911561	0.733552198451543
"49"	0.241206030150754	0.241206030150754	0.241206030150754	0.241206030150754	0.241206030150754	0.241206030150754	0.241206030150754	0.241206030150754	0.22724607571922	0.0103602545907353	0.492308729991167	0	0.142989590609128	0.33408459503175	0.00402785282911561	0.734818047367088
"50"	0.246231155778894	0.246231155778894	0.246231155778894	0.246231155778894	0.246231155778894	0.246231155778894	0.246231155778894	0.246231155778894	0.231037777803723	0.0107964285036265	0.500274881246383	0	0.14574453046791	0.334227583404927	0.00402785282911561	0.736075595634006
"51"	0.251256281407035	0.251256281407035	0.251256281407035	0.251256281407035	0.251256281407035	0.251256281407035	0.251256281407035	0.251256281407035	0.234791006779669	0.0112415956930721	0.508147551659982	0	0.148481285905182	0.334373519991983	0.00402785282911561	0.737324843252299
"52"	0.256281407035176	0.256281407035176	0.256281407035176	0.256281407035176	0.256281407035176	0.256281407035176	0.256281407035176	0.256281407035176	0.238505762647058	0.0116957561590722	0.515926741231964	0	0.151199856920944	0.33452240479292	0.00402785282911561	0.738565790221964
"53"	0.261306532663317	0.261306532663317	0.261306532663317	0.261306532663317	0.261306532663317	0.261306532663317	0.261306532663317	0.261306532663317	0.242182045405889	0.0121589099016268	0.523612449962331	0	0.153900243515196	0.334674237807737	0.00402785282911561	0.739798436543003
"54"	0.266331658291457	0.266331658291457	0.266331658291457	0.266331658291457	0.266331658291457	0.266331658291457	0.266331658291457	0.266331658291457	0.245819855056164	0.0126310569207358	0.531204677851081	0	0.156582445687938	0.334829019036434	0.00402785282911561	0.741022782215416
"55"	0.271356783919598	0.271356783919598	0.271356783919598	0.271356783919598	0.271356783919598	0.271356783919598	0.271356783919598	0.271356783919598	0.249419191597882	0.0131121972163993	0.538703424898215	0	0.159246463439169	0.33498674847901	0.00402785282911561	0.742238827239201
"56"	0.276381909547739	0.276381909547739	0.276381909547739	0.276381909547739	0.276381909547739	0.276381909547739	0.276381909547739	0.276381909547739	0.252980055031043	0.0136023307886173	0.546108691103732	0	0.161892296768891	0.335147426135467	0.00402785282911561	0.743446571614361
"57"	0.281407035175879	0.281407035175879	0.281407035175879	0.281407035175879	0.281407035175879	0.281407035175879	0.281407035175879	0.281407035175879	0.256502445355647	0.0141014576373897	0.553420476467633	0	0.164519945677102	0.335311052005804	0.00402785282911561	0.744646015340894
"58"	0.28643216080402	0.28643216080402	0.28643216080402	0.28643216080402	0.28643216080402	0.28643216080402	0.28643216080402	0.28643216080402	0.259986362571693	0.0146095777627165	0.560638780989918	0	0.167129410163803	0.33547762609002	0.00402785282911561	0.7458371584188
"59"	0.291457286432161	0.291457286432161	0.291457286432161	0.291457286432161	0.291457286432161	0.291457286432161	0.291457286432161	0.291457286432161	0.263431806679183	0.0151266911645978	0.567763604670587	6.01790828716977e-08	0.169720690228994	0.335647148388116	0.00402785282911561	0.74702000084808
"60"	0.296482412060302	0.296482412060302	0.296482412060302	0.296482412060302	0.296482412060302	0.296482412060302	0.296482412060302	0.296482412060302	0.266838777678116	0.0156527978430336	0.574794947509639	2.24010859270972e-06	0.172293785872675	0.335819618900093	0.00402785282911561	0.748194542628733
"61"	0.301507537688442	0.301507537688442	0.301507537688442	0.301507537688442	0.301507537688442	0.301507537688442	0.301507537688442	0.301507537688442	0.270207275568491	0.0161878977980239	0.581732809507074	7.55196683512718e-06	0.174848697094846	0.335995037625949	0.00402785282911561	0.74936078376076
"62"	0.306532663316583	0.306532663316583	0.306532663316583	0.306532663316583	0.306532663316583	0.306532663316583	0.306532663316583	0.306532663316583	0.27353730035031	0.0167319910295685	0.588577190662894	1.59957538101241e-05	0.177385423895507	0.336173404565685	0.00402785282911561	0.75051872424416
"63"	0.311557788944724	0.311557788944724	0.311557788944724	0.311557788944724	0.311557788944724	0.311557788944724	0.311557788944724	0.311557788944724	0.276828852023572	0.0172850775376677	0.595328090977097	2.75714695177004e-05	0.179903966274657	0.336354719719301	0.00402785282911561	0.751668364078934
"64"	0.316582914572864	0.316582914572864	0.316582914572864	0.316582914572864	0.316582914572864	0.316582914572864	0.316582914572864	0.316582914572864	0.280081930588276	0.0178471573223213	0.601985510449684	4.22791139578561e-05	0.182404324232298	0.336538983086798	0.00402785282911561	0.752809703265081
"65"	0.321608040201005	0.321608040201005	0.321608040201005	0.321608040201005	0.321608040201005	0.321608040201005	0.321608040201005	0.321608040201005	0.283296536044424	0.0184182303835294	0.608549449080654	6.01186871305913e-05	0.184886497768428	0.336726194668174	0.00402785282911561	0.753942741802602
"66"	0.326633165829146	0.326633165829146	0.326633165829146	0.326633165829146	0.326633165829146	0.326633165829146	0.326633165829146	0.326633165829146	0.286472668392014	0.0189982967212919	0.615019906870008	8.10901890359059e-05	0.187350486883048	0.33691635446343	0.00402785282911561	0.755067479691496
"67"	0.331658291457286	0.331658291457286	0.331658291457286	0.331658291457286	0.331658291457286	0.331658291457286	0.331658291457286	0.331658291457286	0.289610327631047	0.0195873563356089	0.621396883817746	0.0001051936196738	0.189796291576159	0.337109462472566	0.00402785282911561	0.756183916931764
"68"	0.336683417085427	0.336683417085427	0.336683417085427	0.336683417085427	0.336683417085427	0.336683417085427	0.336683417085427	0.336683417085427	0.292709513761524	0.0201854092264803	0.627680379923867	0.000132428979044273	0.192223911847759	0.337305518695581	0.00402785282911561	0.757292053523405
"69"	0.341708542713568	0.341708542713568	0.341708542713568	0.341708542713568	0.341708542713568	0.341708542713568	0.341708542713568	0.341708542713568	0.295770226783443	0.0207924553939062	0.633870395188372	0.000162796267147326	0.194633347697849	0.337504523132477	0.00402785282911561	0.758391889466419
"70"	0.346733668341709	0.346733668341709	0.346733668341709	0.346733668341709	0.346733668341709	0.346733668341709	0.346733668341709	0.346733668341709	0.298792466696805	0.0214084948378865	0.63996692961126	0.000196295483982959	0.197024599126428	0.337706475783253	0.00402785282911561	0.759483424760807
"71"	0.351758793969849	0.351758793969849	0.351758793969849	0.351758793969849	0.351758793969849	0.351758793969849	0.351758793969849	0.351758793969849	0.301776233501611	0.0220335275584214	0.645969983192533	0.00023292662955117	0.199397666133498	0.337911376647909	0.00402785282911561	0.760566659406569
"72"	0.35678391959799	0.35678391959799	0.35678391959799	0.35678391959799	0.35678391959799	0.35678391959799	0.35678391959799	0.35678391959799	0.304721527197859	0.0226675535555106	0.651879555932189	0.000272689703851962	0.201752548719058	0.338119225726444	0.00402785282911561	0.761641593403704
"73"	0.361809045226131	0.361809045226131	0.361809045226131	0.361809045226131	0.361809045226131	0.361809045226131	0.361809045226131	0.361809045226131	0.30762834778555	0.0233105728291543	0.657695647830228	0.000315584706885332	0.204089246883107	0.33833002301886	0.00402785282911561	0.762708226752212
"74"	0.366834170854271	0.366834170854271	0.366834170854271	0.366834170854271	0.366834170854271	0.366834170854271	0.366834170854271	0.366834170854271	0.310496695264684	0.0239625853793525	0.663418258886651	0.000361611638651282	0.206407760625647	0.338543768525155	0.00402785282911561	0.763766559452094
"75"	0.371859296482412	0.371859296482412	0.371859296482412	0.371859296482412	0.371859296482412	0.371859296482412	0.371859296482412	0.371859296482412	0.313326569635261	0.0246235912061052	0.669047389101458	0.000410770499149812	0.208708089946676	0.338760462245331	0.00402785282911561	0.76481659150335
"76"	0.376884422110553	0.376884422110553	0.376884422110553	0.376884422110553	0.376884422110553	0.376884422110553	0.376884422110553	0.376884422110553	0.316117970897282	0.0252935903094123	0.674583038474649	0.000463061288380921	0.210990234846195	0.338980104179386	0.00402785282911561	0.765858322905979
"77"	0.381909547738693	0.381909547738693	0.381909547738693	0.381909547738693	0.381909547738693	0.381909547738693	0.381909547738693	0.381909547738693	0.318870899050745	0.0259725826892738	0.680025207006223	0.000518484006344609	0.213254195324204	0.339202694327321	0.00402785282911561	0.766891753659981
"78"	0.386934673366834	0.386934673366834	0.386934673366834	0.386934673366834	0.386934673366834	0.386934673366834	0.386934673366834	0.386934673366834	0.321585354095651	0.0266605677731195	0.685373894696181	0.000577038653040877	0.215499971380703	0.339428232689136	0.00402785282911561	0.767916883765357
"79"	0.391959798994975	0.391959798994975	0.391959798994975	0.391959798994975	0.391959798994975	0.391959798994975	0.391959798994975	0.391959798994975	0.324261336032	0.0273501062248688	0.690629101544523	0.000638725228469724	0.217727563015692	0.339656719264832	0.00402785282911561	0.768933713222106
"80"	0.396984924623116	0.396984924623116	0.396984924623116	0.396984924623116	0.396984924623116	0.396984924623116	0.396984924623116	0.396984924623116	0.326898844859791	0.0280340157912977	0.695790827551248	0.000703543732631151	0.21993697022917	0.339888154054407	0.00402785282911561	0.769942242030229
"81"	0.402010050251256	0.402010050251256	0.402010050251256	0.402010050251256	0.402010050251256	0.402010050251256	0.402010050251256	0.402010050251256	0.329497880579026	0.0287122964724062	0.700859072716357	0.000771494165525157	0.222128193021139	0.340122537057862	0.00402785282911561	0.770942470189725
"82"	0.407035175879397	0.407035175879397	0.407035175879397	0.407035175879397	0.407035175879397	0.407035175879397	0.407035175879397	0.407035175879397	0.332058443189704	0.0293849482681943	0.705833837039849	0.000842576527151742	0.224301231391597	0.340359868275197	0.00402785282911561	0.771934397700595
"83"	0.412060301507538	0.412060301507538	0.412060301507538	0.412060301507538	0.412060301507538	0.412060301507538	0.412060301507538	0.412060301507538	0.33458585502629	0.030051971178662	0.710715120521725	0.000916790817510907	0.226456085340546	0.340600147706412	0.00402785282911561	0.772918024562838
"84"	0.417085427135678	0.417085427135678	0.417085427135678	0.417085427135678	0.417085427135678	0.417085427135678	0.417085427135678	0.417085427135678	0.337091555958103	0.0307133652038093	0.715507397015686	0.000994137036602652	0.228592754867984	0.340843375351506	0.00402785282911561	0.773893350776455
"85"	0.422110552763819	0.422110552763819	0.422110552763819	0.422110552763819	0.422110552763819	0.422110552763819	0.422110552763819	0.422110552763819	0.339575931775603	0.0313691303436362	0.720249835568465	0.00107461518442698	0.230711239973912	0.341089551210481	0.00402785282911561	0.774860376341445
"86"	0.42713567839196	0.42713567839196	0.42713567839196	0.42713567839196	0.42713567839196	0.42713567839196	0.42713567839196	0.42713567839196	0.342038982478789	0.0320192665981427	0.724951566494182	0.00115822526098388	0.23281154065833	0.341338675283336	0.00402785282911561	0.775819101257809
"87"	0.4321608040201	0.4321608040201	0.4321608040201	0.4321608040201	0.4321608040201	0.4321608040201	0.4321608040201	0.4321608040201	0.344480708067662	0.0326637739673288	0.729612589792836	0.00124496726627336	0.234893656921238	0.341590747570071	0.00402785282911561	0.776769525525546
"88"	0.437185929648241	0.437185929648241	0.437185929648241	0.437185929648241	0.437185929648241	0.437185929648241	0.437185929648241	0.437185929648241	0.346901108542221	0.0333026524511945	0.734232905464428	0.00133484120029542	0.236957588762636	0.341845768070685	0.00402785282911561	0.777711649144657
"89"	0.442211055276382	0.442211055276382	0.442211055276382	0.442211055276382	0.442211055276382	0.442211055276382	0.442211055276382	0.442211055276382	0.349300183902468	0.0339359020497398	0.738812513508957	0.00142784706305007	0.239003336182524	0.34210373678518	0.00402785282911561	0.778645472115141
"90"	0.447236180904523	0.447236180904523	0.447236180904523	0.447236180904523	0.447236180904523	0.447236180904523	0.447236180904523	0.447236180904523	0.351677934148401	0.0345635227629647	0.743351413926424	0.00152398485453729	0.241030899180901	0.342364653713554	0.00402785282911561	0.779570994436998
"91"	0.452261306532663	0.452261306532663	0.452261306532663	0.452261306532663	0.452261306532663	0.452261306532663	0.452261306532663	0.452261306532663	0.354034359280021	0.0351855145908691	0.747849606716828	0.00162325457475709	0.243040277757769	0.342628518855809	0.00402785282911561	0.780488216110229
"92"	0.457286432160804	0.457286432160804	0.457286432160804	0.457286432160804	0.457286432160804	0.457286432160804	0.457286432160804	0.457286432160804	0.356369459297327	0.0358018775334532	0.75230709188017	0.00172565622370947	0.245031471913126	0.342895332211943	0.00402785282911561	0.781397137134834
"93"	0.462311557788945	0.462311557788945	0.462311557788945	0.462311557788945	0.462311557788945	0.462311557788945	0.462311557788945	0.462311557788945	0.35868323420032	0.0364126115907169	0.756723869416449	0.00183118980139443	0.247004481646973	0.343165093781957	0.00402785282911561	0.782297757510812
"94"	0.467336683417085	0.467336683417085	0.467336683417085	0.467336683417085	0.467336683417085	0.467336683417085	0.467336683417085	0.467336683417085	0.360975683989	0.0370177167626602	0.761099939325666	0.00193985530781196	0.24895930695931	0.343437803565852	0.00402785282911561	0.783190077238163
"95"	0.472361809045226	0.472361809045226	0.472361809045226	0.472361809045226	0.472361809045226	0.472361809045226	0.472361809045226	0.472361809045226	0.363246808663366	0.037617193049283	0.76543530160782	0.00205165274296208	0.250895947850137	0.343713461563626	0.00402785282911561	0.784074096316888
"96"	0.477386934673367	0.477386934673367	0.477386934673367	0.477386934673367	0.477386934673367	0.477386934673367	0.477386934673367	0.477386934673367	0.36549660822342	0.0382110404505855	0.769729956262912	0.00216658210684478	0.252814404319454	0.34399206777528	0.00402785282911561	0.784949814746986
"97"	0.482412060301508	0.482412060301508	0.482412060301508	0.482412060301508	0.482412060301508	0.482412060301508	0.482412060301508	0.482412060301508	0.36772508266916	0.0387992589665676	0.773983903290942	0.00228464339946006	0.254714676367261	0.344273622200814	0.00402785282911561	0.785817232528458
"98"	0.487437185929648	0.487437185929648	0.487437185929648	0.487437185929648	0.487437185929648	0.487437185929648	0.487437185929648	0.487437185929648	0.369932232000586	0.0393818485972292	0.778197142691909	0.00240583662080791	0.256596763993558	0.344558124840228	0.00402785282911561	0.786676349661304
"99"	0.492462311557789	0.492462311557789	0.492462311557789	0.492462311557789	0.492462311557789	0.492462311557789	0.492462311557789	0.492462311557789	0.372118056217699	0.0399588093425705	0.782369674465813	0.00253016177088835	0.258460667198344	0.344845575693522	0.00402785282911561	0.787527166145522
"100"	0.49748743718593	0.49748743718593	0.49748743718593	0.49748743718593	0.49748743718593	0.49748743718593	0.49748743718593	0.49748743718593	0.374282555320499	0.0405301412025914	0.786501498612655	0.00265761884970136	0.260306385981621	0.345135974760696	0.00402785282911561	0.788369681981115
"101"	0.50251256281407	0.50251256281407	0.50251256281407	0.50251256281407	0.50251256281407	0.50251256281407	0.50251256281407	0.50251256281407	0.376425729308986	0.0410958441772918	0.790592615132435	0.00278820785724696	0.262133920343387	0.345429322041749	0.00402785282911561	0.78920389716808
"102"	0.507537688442211	0.507537688442211	0.507537688442211	0.507537688442211	0.507537688442211	0.507537688442211	0.507537688442211	0.507537688442211	0.37854757818316	0.0416559182666719	0.794643024025151	0.00292192879352513	0.263943270283643	0.345725617536683	0.00402785282911561	0.79002981170642
"103"	0.512562814070352	0.512562814070352	0.512562814070352	0.512562814070352	0.512562814070352	0.512562814070352	0.512562814070352	0.512562814070352	0.38064810194302	0.0422103634707315	0.798652725290806	0.00305878165853589	0.265734435802389	0.346024861245497	0.00402785282911561	0.790847425596133
"104"	0.517587939698492	0.517587939698492	0.517587939698492	0.517587939698492	0.517587939698492	0.517587939698492	0.517587939698492	0.517587939698492	0.382727300588567	0.0427591797894708	0.802621718929398	0.00319876645227922	0.267507416899625	0.34632705316819	0.00402785282911561	0.791656738837219
"105"	0.522613065326633	0.522613065326633	0.522613065326633	0.522613065326633	0.522613065326633	0.522613065326633	0.522613065326633	0.522613065326633	0.3847851741198	0.0433023672228896	0.806550004940927	0.00334188317475513	0.269262213575351	0.346632193304764	0.00402785282911561	0.792457751429678
"106"	0.527638190954774	0.527638190954774	0.527638190954774	0.527638190954774	0.527638190954774	0.527638190954774	0.527638190954774	0.527638190954774	0.38682172253672	0.0438399257709881	0.810437583325395	0.00348813182596362	0.270998825829567	0.346940281655217	0.00402785282911561	0.793250463373512
"107"	0.532663316582915	0.532663316582915	0.532663316582915	0.532663316582915	0.532663316582915	0.532663316582915	0.532663316582915	0.532663316582915	0.388836945839327	0.0443718554337661	0.814284454082799	0.0036375124059047	0.272717253662273	0.347251318219551	0.00402785282911561	0.794034874668718
"108"	0.537688442211055	0.537688442211055	0.537688442211055	0.537688442211055	0.537688442211055	0.537688442211055	0.537688442211055	0.537688442211055	0.390830844027621	0.0448981562112237	0.818090617213141	0.00379002491457835	0.274417497073468	0.347565302997764	0.00402785282911561	0.794810985315298
"109"	0.542713567839196	0.542713567839196	0.542713567839196	0.542713567839196	0.542713567839196	0.542713567839196	0.542713567839196	0.542713567839196	0.392803417101601	0.045418828103361	0.821856072716421	0.00394566935198458	0.276099556063154	0.347882235989858	0.00402785282911561	0.795578795313252
"110"	0.547738693467337	0.547738693467337	0.547738693467337	0.547738693467337	0.547738693467337	0.547738693467337	0.547738693467337	0.547738693467337	0.394754665061268	0.0459338711101778	0.825580820592638	0.00410444571812339	0.277763430631329	0.348202117195831	0.00402785282911561	0.796338304662579
"111"	0.552763819095477	0.552763819095477	0.552763819095477	0.552763819095477	0.552763819095477	0.552763819095477	0.552763819095477	0.552763819095477	0.396684587906622	0.0464432852316742	0.829264860841793	0.00426635401299477	0.279409120777994	0.348524946615684	0.00402785282911561	0.797089513363279
"112"	0.557788944723618	0.557788944723618	0.557788944723618	0.557788944723618	0.557788944723618	0.557788944723618	0.557788944723618	0.557788944723618	0.398593185637662	0.0469470704678503	0.832908193463885	0.00443139423659874	0.281036626503149	0.348850724249417	0.00402785282911561	0.797832421415353
"113"	0.562814070351759	0.562814070351759	0.562814070351759	0.562814070351759	0.562814070351759	0.562814070351759	0.562814070351759	0.562814070351759	0.400480458254389	0.0474452268187059	0.836510818458914	0.00459956638893529	0.282645947806794	0.34917945009703	0.00402785282911561	0.798567028818801
"114"	0.5678391959799	0.5678391959799	0.5678391959799	0.5678391959799	0.5678391959799	0.5678391959799	0.5678391959799	0.5678391959799	0.402346405756803	0.0479377542842411	0.840072735826882	0.00477087047000442	0.284237084688929	0.349511124158523	0.00402785282911561	0.799293335573622
"115"	0.57286432160804	0.57286432160804	0.57286432160804	0.57286432160804	0.57286432160804	0.57286432160804	0.57286432160804	0.57286432160804	0.404191028144904	0.0484246528644559	0.843593945567786	0.00494530647980612	0.285810037149554	0.349845746433896	0.00402785282911561	0.800011341679816
"116"	0.577889447236181	0.577889447236181	0.577889447236181	0.577889447236181	0.577889447236181	0.577889447236181	0.577889447236181	0.577889447236181	0.406014325418691	0.0489059225593504	0.847074447681629	0.00512287441834041	0.287364805188668	0.350183316923149	0.00402785282911561	0.800721047137384
"117"	0.582914572864322	0.582914572864322	0.582914572864322	0.582914572864322	0.582914572864322	0.582914572864322	0.582914572864322	0.582914572864322	0.407816297578165	0.0493815633689244	0.850514242168408	0.00530357428560728	0.288901388806273	0.350523835626282	0.00402785282911561	0.801422451946326
"118"	0.587939698492462	0.587939698492462	0.587939698492462	0.587939698492462	0.587939698492462	0.587939698492462	0.587939698492462	0.587939698492462	0.409596944623325	0.049851575293178	0.853913329028126	0.00548740608160672	0.290419788002367	0.350867302543294	0.00402785282911561	0.80211555610664
"119"	0.592964824120603	0.592964824120603	0.592964824120603	0.592964824120603	0.592964824120603	0.592964824120603	0.592964824120603	0.592964824120603	0.411356266554173	0.0503159583321112	0.85727170826078	0.00567436980633875	0.291920002776952	0.351213717674187	0.00402785282911561	0.802800359618329
"120"	0.597989949748744	0.597989949748744	0.597989949748744	0.597989949748744	0.597989949748744	0.597989949748744	0.597989949748744	0.597989949748744	0.413094263370707	0.050774712485724	0.860589379866373	0.00586446545980335	0.293402033130026	0.35156308101896	0.00402785282911561	0.80347686248139
"121"	0.603015075376884	0.603015075376884	0.603015075376884	0.603015075376884	0.603015075376884	0.603015075376884	0.603015075376884	0.603015075376884	0.414810935072927	0.0512278377540164	0.863866343844902	0.00605769304200053	0.29486587906159	0.351915392577612	0.00402785282911561	0.804145064695826
"122"	0.608040201005025	0.608040201005025	0.608040201005025	0.608040201005025	0.608040201005025	0.608040201005025	0.608040201005025	0.608040201005025	0.416506281660835	0.0516753341369884	0.86710260019637	0.0062540525529303	0.296311540571644	0.352270652350145	0.00402785282911561	0.804804966261635
"123"	0.613065326633166	0.613065326633166	0.613065326633166	0.613065326633166	0.613065326633166	0.613065326633166	0.613065326633166	0.613065326633166	0.418180303134429	0.05211720163464	0.870298148920775	0.00645354399259264	0.297739017660188	0.352628860336557	0.00402785282911561	0.805456567178817
"124"	0.618090452261307	0.618090452261307	0.618090452261307	0.618090452261307	0.618090452261307	0.618090452261307	0.618090452261307	0.618090452261307	0.41983299949371	0.0525534402469712	0.873452990018117	0.00665616736098756	0.299148310327221	0.352990016536849	0.00402785282911561	0.806099867447372
"125"	0.623115577889447	0.623115577889447	0.623115577889447	0.623115577889447	0.623115577889447	0.623115577889447	0.623115577889447	0.623115577889447	0.421464370738677	0.052984049973982	0.876567123488397	0.00686192265811506	0.300539418572745	0.353354120951022	0.00402785282911561	0.806734867067302
"126"	0.628140703517588	0.628140703517588	0.628140703517588	0.628140703517588	0.628140703517588	0.628140703517588	0.628140703517588	0.628140703517588	0.423074416869331	0.0534090308156724	0.879640549331614	0.00707080988397514	0.301912342396759	0.353721173579074	0.00402785282911561	0.807361566038604
"127"	0.633165829145729	0.633165829145729	0.633165829145729	0.633165829145729	0.633165829145729	0.633165829145729	0.633165829145729	0.633165829145729	0.424663137885672	0.0538283827720424	0.882673267547769	0.0072828290385678	0.303267081799262	0.354091174421006	0.00402785282911561	0.80797996436128
"128"	0.638190954773869	0.638190954773869	0.638190954773869	0.638190954773869	0.638190954773869	0.638190954773869	0.638190954773869	0.638190954773869	0.4262305337877	0.054242105843092	0.885665278136862	0.00749798012189304	0.304603636780255	0.354464123476818	0.00402785282911561	0.80859006203533
"129"	0.64321608040201	0.64321608040201	0.64321608040201	0.64321608040201	0.64321608040201	0.64321608040201	0.64321608040201	0.64321608040201	0.427776604575414	0.0546502000288212	0.888616581098892	0.00771626313395086	0.305922007339738	0.35484002074651	0.00402785282911561	0.809191859060753
"130"	0.648241206030151	0.648241206030151	0.648241206030151	0.648241206030151	0.648241206030151	0.648241206030151	0.648241206030151	0.648241206030151	0.429301350248815	0.0550526653292299	0.891527176433859	0.00793767807474126	0.307222193477711	0.355218866230082	0.00402785282911561	0.80978535543755
"131"	0.653266331658292	0.653266331658292	0.653266331658292	0.653266331658292	0.653266331658292	0.653266331658292	0.653266331658292	0.653266331658292	0.430804770807903	0.0554495017443183	0.894397064141764	0.00816222494426423	0.308504195194174	0.355600659927534	0.00402785282911561	0.81037055116572
"132"	0.658291457286432	0.658291457286432	0.658291457286432	0.658291457286432	0.658291457286432	0.658291457286432	0.658291457286432	0.658291457286432	0.432286866252677	0.0558407092740863	0.897226244222607	0.00838990374251979	0.309768012489127	0.355985401838866	0.00402785282911561	0.810947446245263
"133"	0.663316582914573	0.663316582914573	0.663316582914573	0.663316582914573	0.663316582914573	0.663316582914573	0.663316582914573	0.663316582914573	0.433747636583138	0.0562262879185339	0.900014716676387	0.00862071446950793	0.31101364536257	0.356373091964078	0.00402785282911561	0.81151604067618
"134"	0.668341708542714	0.668341708542714	0.668341708542714	0.668341708542714	0.668341708542714	0.668341708542714	0.668341708542714	0.668341708542714	0.435187081799286	0.056606237677661	0.902762481503104	0.00885465712522865	0.312241093814503	0.356763730303169	0.00402785282911561	0.81207633445847
"135"	0.673366834170854	0.673366834170854	0.673366834170854	0.673366834170854	0.673366834170854	0.673366834170854	0.673366834170854	0.673366834170854	0.436605201901121	0.0569805585514678	0.905469538702759	0.00909173170968194	0.313450357844925	0.357157316856141	0.00402785282911561	0.812628327592134
"136"	0.678391959798995	0.678391959798995	0.678391959798995	0.678391959798995	0.678391959798995	0.678391959798995	0.678391959798995	0.678391959798995	0.438001996888642	0.0573492505399542	0.908135888275352	0.00933193822286781	0.314641437453837	0.357553851622993	0.00402785282911561	0.813172020077172
"137"	0.683417085427136	0.683417085427136	0.683417085427136	0.683417085427136	0.683417085427136	0.683417085427136	0.683417085427136	0.683417085427136	0.43937746676185	0.0577123136431202	0.910761530220882	0.00957527666478627	0.31581433264124	0.357953334603724	0.00402785282911561	0.813707411913583
"138"	0.688442211055276	0.688442211055276	0.688442211055276	0.688442211055276	0.688442211055276	0.688442211055276	0.688442211055276	0.688442211055276	0.440731611520744	0.0580697478609657	0.913346464539349	0.0098217470354373	0.316969043407132	0.358355765798336	0.00402785282911561	0.814234503101367
"139"	0.693467336683417	0.693467336683417	0.693467336683417	0.693467336683417	0.693467336683417	0.693467336683417	0.693467336683417	0.693467336683417	0.442064431165325	0.0584215531934909	0.915890691230755	0.0100713493348209	0.318105569751514	0.358761145206827	0.00402785282911561	0.814753293640525
"140"	0.698492462311558	0.698492462311558	0.698492462311558	0.698492462311558	0.698492462311558	0.698492462311558	0.698492462311558	0.698492462311558	0.443375925695593	0.0587677296406956	0.918394210295097	0.0103240835629371	0.319223911674386	0.359169472829199	0.00402785282911561	0.815263783531056
"141"	0.703517587939699	0.703517587939699	0.703517587939699	0.703517587939699	0.703517587939699	0.703517587939699	0.703517587939699	0.703517587939699	0.444666095111548	0.05910827720258	0.920857021732377	0.0105799497197859	0.320324069175748	0.35958074866545	0.00402785282911561	0.815765972772961
"142"	0.708542713567839	0.708542713567839	0.708542713567839	0.708542713567839	0.708542713567839	0.708542713567839	0.708542713567839	0.708542713567839	0.445934939413189	0.0594431958791439	0.923279125542595	0.0108389478053672	0.321406042255599	0.359994972715581	0.00402785282911561	0.816259861366239
"143"	0.71356783919598	0.71356783919598	0.71356783919598	0.71356783919598	0.71356783919598	0.71356783919598	0.71356783919598	0.71356783919598	0.447182458600518	0.0597724856703875	0.92566052172575	0.0111010778196812	0.322469830913941	0.360412144979592	0.00402785282911561	0.816745449310891
"144"	0.718592964824121	0.718592964824121	0.718592964824121	0.718592964824121	0.718592964824121	0.718592964824121	0.718592964824121	0.718592964824121	0.448408652673532	0.0600961465763106	0.928001210281843	0.0113663397627277	0.323515435150772	0.360832265457483	0.00402785282911561	0.817222736606916
"145"	0.723618090452261	0.723618090452261	0.723618090452261	0.723618090452261	0.723618090452261	0.723618090452261	0.723618090452261	0.723618090452261	0.449613521632234	0.0604141785969134	0.930301191210873	0.0116347336345068	0.324542854966094	0.361255334149254	0.00402785282911561	0.817691723254315
"146"	0.728643216080402	0.728643216080402	0.728643216080402	0.728643216080402	0.728643216080402	0.728643216080402	0.728643216080402	0.728643216080402	0.450797065476622	0.0607265817321957	0.932560464512841	0.0119062594350184	0.325552090359905	0.361681351054905	0.00402785282911561	0.818152409253087
"147"	0.733668341708543	0.733668341708543	0.733668341708543	0.733668341708543	0.733668341708543	0.733668341708543	0.733668341708543	0.733668341708543	0.451959284206697	0.0610333559821577	0.934779030187746	0.0121809171642627	0.326543141332206	0.362110316174436	0.00402785282911561	0.818604794603232
"148"	0.738693467336683	0.738693467336683	0.738693467336683	0.738693467336683	0.738693467336683	0.738693467336683	0.738693467336683	0.738693467336683	0.453100177822458	0.0613345013467992	0.936956888235589	0.0124587068222395	0.327516007882997	0.362542229507847	0.00402785282911561	0.819048879304752
"149"	0.743718592964824	0.743718592964824	0.743718592964824	0.743718592964824	0.743718592964824	0.743718592964824	0.743718592964824	0.743718592964824	0.454219746323907	0.0616300178261203	0.93909403865637	0.0127396284089489	0.328470690012278	0.362977091055138	0.00402785282911561	0.819484663357644
"150"	0.748743718592965	0.748743718592965	0.748743718592965	0.748743718592965	0.748743718592965	0.748743718592965	0.748743718592965	0.748743718592965	0.455317989711042	0.0619199054201211	0.941190481450087	0.0130236819243909	0.329407187720049	0.363414900816309	0.00402785282911561	0.81991214676191
"151"	0.753768844221106	0.753768844221106	0.753768844221106	0.753768844221106	0.753768844221106	0.753768844221106	0.753768844221106	0.753768844221106	0.456394907983863	0.0622041641288014	0.943246216616743	0.0133108673685655	0.33032550100631	0.363855658791359	0.00402785282911561	0.82033132951755
"152"	0.758793969849246	0.758793969849246	0.758793969849246	0.758793969849246	0.758793969849246	0.758793969849246	0.758793969849246	0.758793969849246	0.457450501142372	0.0624827939521613	0.945261244156336	0.0136011847414726	0.33122562987106	0.36429936498029	0.00402785282911561	0.820742211624563
"153"	0.763819095477387	0.763819095477387	0.763819095477387	0.763819095477387	0.763819095477387	0.763819095477387	0.763819095477387	0.763819095477387	0.458484769186567	0.0627557948902008	0.947235564068866	0.0138946340431123	0.332107574314301	0.364746019383101	0.00402785282911561	0.821144793082949
"154"	0.768844221105528	0.768844221105528	0.768844221105528	0.768844221105528	0.768844221105528	0.768844221105528	0.768844221105528	0.768844221105528	0.459497712116449	0.06302316694292	0.949169176354334	0.0141912152734846	0.332971334336031	0.365195621999791	0.00402785282911561	0.821539073892709
"155"	0.773869346733668	0.773869346733668	0.773869346733668	0.773869346733668	0.773869346733668	0.773869346733668	0.773869346733668	0.773869346733668	0.460489329932017	0.0632849101103187	0.951062081012739	0.0144909284325895	0.333816909936251	0.365648172830361	0.00402785282911561	0.821925054053843
"156"	0.778894472361809	0.778894472361809	0.778894472361809	0.778894472361809	0.778894472361809	0.778894472361809	0.778894472361809	0.778894472361809	0.461459622633272	0.063541024392397	0.952914278044082	0.014793773520427	0.334644301114961	0.366103671874812	0.00402785282911561	0.822302733566349
"157"	0.78391959798995	0.78391959798995	0.78391959798995	0.78391959798995	0.78391959798995	0.78391959798995	0.78391959798995	0.78391959798995	0.462408590220214	0.0637915097891549	0.954725767448363	0.015099750536997	0.335453507872161	0.366562119133142	0.00402785282911561	0.82267211243023
"158"	0.78894472361809	0.78894472361809	0.78894472361809	0.78894472361809	0.78894472361809	0.78894472361809	0.78894472361809	0.78894472361809	0.463336232692843	0.0640363663005924	0.956496549225581	0.0154088594822997	0.336244530207851	0.367023514605352	0.00402785282911561	0.823033190645484
"159"	0.793969849246231	0.793969849246231	0.793969849246231	0.793969849246231	0.793969849246231	0.793969849246231	0.793969849246231	0.793969849246231	0.464242550051158	0.0642755939267095	0.958226623375736	0.0157211003563349	0.337017368122031	0.367487858291443	0.00402785282911561	0.823385968212111
"160"	0.798994974874372	0.798994974874372	0.798994974874372	0.798994974874372	0.798994974874372	0.798994974874372	0.798994974874372	0.798994974874372	0.46512754229516	0.0645091926675062	0.959915989898829	0.0160364731591026	0.337772021614701	0.367955150191413	0.00402785282911561	0.823730445130112
"161"	0.804020100502513	0.804020100502513	0.804020100502513	0.804020100502513	0.804020100502513	0.804020100502513	0.804020100502513	0.804020100502513	0.465991209424849	0.0647371625229825	0.96156464879486	0.016354977890603	0.33850849068586	0.368425390305263	0.00402785282911561	0.824066621399486
"162"	0.809045226130653	0.809045226130653	0.809045226130653	0.809045226130653	0.809045226130653	0.809045226130653	0.809045226130653	0.809045226130653	0.466833551440224	0.0649595034931384	0.963172600063828	0.0166766145508359	0.33922677533551	0.368898578632993	0.00402785282911561	0.824394497020234
"163"	0.814070351758794	0.814070351758794	0.814070351758794	0.814070351758794	0.814070351758794	0.814070351758794	0.814070351758794	0.814070351758794	0.467654568341286	0.0651762155779739	0.964739843705733	0.0170013831398015	0.339926875563649	0.369374715174603	0.00402785282911561	0.824714071992355
"164"	0.819095477386935	0.819095477386935	0.819095477386935	0.819095477386935	0.819095477386935	0.819095477386935	0.819095477386935	0.819095477386935	0.468454260128035	0.065387298777489	0.966266379720576	0.0173292836574996	0.340608791370278	0.369853799930092	0.00402785282911561	0.82502534631585
"165"	0.824120603015075	0.824120603015075	0.824120603015075	0.824120603015075	0.824120603015075	0.824120603015075	0.824120603015075	0.824120603015075	0.46923262680047	0.0655927530916837	0.967752208108357	0.0176603161039302	0.341272522755397	0.370335832899462	0.00402785282911561	0.825328319990718
"166"	0.829145728643216	0.829145728643216	0.829145728643216	0.829145728643216	0.829145728643216	0.829145728643216	0.829145728643216	0.829145728643216	0.469989668358593	0.065792578520558	0.969197328869075	0.0179944804790935	0.341918069719007	0.370820814082712	0.00402785282911561	0.825622993016959
"167"	0.834170854271357	0.834170854271357	0.834170854271357	0.834170854271357	0.834170854271357	0.834170854271357	0.834170854271357	0.834170854271357	0.470725384802401	0.0659867750641119	0.970601742002731	0.0183317767829893	0.342545432261105	0.371308743479842	0.00402785282911561	0.825909365394575
"168"	0.839195979899497	0.839195979899497	0.839195979899497	0.839195979899497	0.839195979899497	0.839195979899497	0.839195979899497	0.839195979899497	0.471439776131897	0.0661753427223454	0.971965447509324	0.0186722050156177	0.343154610381694	0.371799621090851	0.00402785282911561	0.826187437123563
"169"	0.844221105527638	0.844221105527638	0.844221105527638	0.844221105527638	0.844221105527638	0.844221105527638	0.844221105527638	0.844221105527638	0.472132842347079	0.0663582814952585	0.973288445388854	0.0190157651769787	0.343745604080773	0.372293446915741	0.00402785282911561	0.826457208203925
"170"	0.849246231155779	0.849246231155779	0.849246231155779	0.849246231155779	0.849246231155779	0.849246231155779	0.849246231155779	0.849246231155779	0.472804583447948	0.0665355913828511	0.974570735641323	0.0193624572670723	0.344318413358341	0.37279022095451	0.00402785282911561	0.826718678635661
"171"	0.85427135678392	0.85427135678392	0.85427135678392	0.85427135678392	0.85427135678392	0.85427135678392	0.85427135678392	0.85427135678392	0.473454999434504	0.0667072723851234	0.975812318266728	0.0197122812858985	0.3448730382144	0.37328994320716	0.00402785282911561	0.82697184841877
"172"	0.85929648241206	0.85929648241206	0.85929648241206	0.85929648241206	0.85929648241206	0.85929648241206	0.85929648241206	0.85929648241206	0.474084090306746	0.0668733245020753	0.977013193265072	0.0200652372334572	0.345409478648948	0.373792613673689	0.00402785282911561	0.827216717553252
"173"	0.864321608040201	0.864321608040201	0.864321608040201	0.864321608040201	0.864321608040201	0.864321608040201	0.864321608040201	0.864321608040201	0.474691856064675	0.0670337477337068	0.978173360636352	0.0204213251097485	0.345927734661986	0.374298232354098	0.00402785282911561	0.827453286039108
"174"	0.869346733668342	0.869346733668342	0.869346733668342	0.869346733668342	0.869346733668342	0.869346733668342	0.869346733668342	0.869346733668342	0.475278296708291	0.0671885420800178	0.979292820380571	0.0207805449147724	0.346427806253514	0.374806799248388	0.00402785282911561	0.827681553876338
"175"	0.874371859296482	0.874371859296482	0.874371859296482	0.874371859296482	0.874371859296482	0.874371859296482	0.874371859296482	0.874371859296482	0.475843412237594	0.0673377075410085	0.980371572497726	0.0211428966485289	0.346909693423532	0.375318314356557	0.00402785282911561	0.827901521064941
"176"	0.879396984924623	0.879396984924623	0.879396984924623	0.879396984924623	0.879396984924623	0.879396984924623	0.879396984924623	0.879396984924623	0.476387202652583	0.0674812441166788	0.98140961698782	0.0215083803110179	0.34737339617204	0.375832777678606	0.00402785282911561	0.828113187604917
"177"	0.884422110552764	0.884422110552764	0.884422110552764	0.884422110552764	0.884422110552764	0.884422110552764	0.884422110552764	0.884422110552764	0.476909667953259	0.0676191518070286	0.98240695385085	0.0218769959022396	0.347818914499038	0.376350189214535	0.00402785282911561	0.828316553496267
"178"	0.889447236180904	0.889447236180904	0.889447236180904	0.889447236180904	0.889447236180904	0.889447236180904	0.889447236180904	0.889447236180904	0.477410808139621	0.0677514306120581	0.983363583086819	0.0222487434221938	0.348246248404526	0.376870548964344	0.00402785282911561	0.82851161873899
"179"	0.894472361809045	0.894472361809045	0.894472361809045	0.894472361809045	0.894472361809045	0.894472361809045	0.894472361809045	0.894472361809045	0.47789062321167	0.0678780805317671	0.984279504695725	0.0226236228708806	0.348655397888503	0.377393856928033	0.00402785282911561	0.828698383333087
"180"	0.899497487437186	0.899497487437186	0.899497487437186	0.899497487437186	0.899497487437186	0.899497487437186	0.899497487437186	0.899497487437186	0.478349113169406	0.0679991015661558	0.985154718677568	0.0230016342482999	0.349046362950971	0.377920113105602	0.00402785282911561	0.828876847278557
"181"	0.904522613065327	0.904522613065327	0.904522613065327	0.904522613065327	0.904522613065327	0.904522613065327	0.904522613065327	0.904522613065327	0.478786278012829	0.068114493715224	0.985989225032349	0.0233827775544519	0.349419143591928	0.378449317497051	0.00402785282911561	0.829047010575401
"182"	0.909547738693467	0.909547738693467	0.909547738693467	0.909547738693467	0.909547738693467	0.909547738693467	0.909547738693467	0.909547738693467	0.479202117741938	0.0682242569789719	0.986783023760067	0.0237670527893364	0.349773739811375	0.378981470102379	0.00402785282911561	0.829208873223618
"183"	0.914572864321608	0.914572864321608	0.914572864321608	0.914572864321608	0.914572864321608	0.914572864321608	0.914572864321608	0.914572864321608	0.479596632356734	0.0683283913573993	0.987536114860723	0.0241544599529535	0.350110151609312	0.379516570921588	0.00402785282911561	0.829362435223209
"184"	0.919597989949749	0.919597989949749	0.919597989949749	0.919597989949749	0.919597989949749	0.919597989949749	0.919597989949749	0.919597989949749	0.479969821857217	0.0684268968505064	0.988248498334317	0.0245449990453032	0.350428378985739	0.380054619954677	0.00402785282911561	0.829507696574173
"185"	0.924623115577889	0.924623115577889	0.924623115577889	0.924623115577889	0.924623115577889	0.924623115577889	0.924623115577889	0.924623115577889	0.480321686243387	0.068519773458293	0.988920174180848	0.0249386700663855	0.350728421940656	0.380595617201645	0.00402785282911561	0.829644657276511
"186"	0.92964824120603	0.92964824120603	0.92964824120603	0.92964824120603	0.92964824120603	0.92964824120603	0.92964824120603	0.92964824120603	0.480652225515243	0.0686070211807593	0.989551142400316	0.0253354730162003	0.351010280474063	0.381139562662494	0.00402785282911561	0.829773317330222
"187"	0.934673366834171	0.934673366834171	0.934673366834171	0.934673366834171	0.934673366834171	0.934673366834171	0.934673366834171	0.934673366834171	0.480961439672786	0.0686886400179051	0.990141402992722	0.0257354078947478	0.351273954585959	0.381686456337222	0.00402785282911561	0.829893676735307
"188"	0.939698492462312	0.939698492462312	0.939698492462312	0.939698492462312	0.939698492462312	0.939698492462312	0.939698492462312	0.939698492462312	0.481249328716015	0.0687646299697305	0.990690955958065	0.0261384747020278	0.351519444276346	0.38223629822583	0.00402785282911561	0.830005735491765
"189"	0.944723618090452	0.944723618090452	0.944723618090452	0.944723618090452	0.944723618090452	0.944723618090452	0.944723618090452	0.944723618090452	0.481515892644931	0.0688349910362356	0.991199801296347	0.0265446734380403	0.351746749545222	0.382789088328319	0.00402785282911561	0.830109493599596
"190"	0.949748743718593	0.949748743718593	0.949748743718593	0.949748743718593	0.949748743718593	0.949748743718593	0.949748743718593	0.949748743718593	0.481761131459534	0.0688997232174202	0.991667939007565	0.0269540041027855	0.351955870392589	0.383344826644687	0.00402785282911561	0.830204951058801
"191"	0.954773869346734	0.954773869346734	0.954773869346734	0.954773869346734	0.954773869346734	0.954773869346734	0.954773869346734	0.954773869346734	0.481985045159824	0.0689588265132844	0.992095369091721	0.0273664666962633	0.352146806818445	0.383903513174935	0.00402785282911561	0.83029210786938
"192"	0.959798994974874	0.959798994974874	0.959798994974874	0.959798994974874	0.959798994974874	0.959798994974874	0.959798994974874	0.959798994974874	0.4821876337458	0.0690123009238282	0.992482091548815	0.0277820612184736	0.352319558822791	0.384465147919063	0.00402785282911561	0.830370964031332
"193"	0.964824120603015	0.964824120603015	0.964824120603015	0.964824120603015	0.964824120603015	0.964824120603015	0.964824120603015	0.964824120603015	0.482368897217463	0.0690601464490517	0.992828106378846	0.0282007876694165	0.352474126405627	0.385029730877071	0.00402785282911561	0.830441519544657
"194"	0.969849246231156	0.969849246231156	0.969849246231156	0.969849246231156	0.969849246231156	0.969849246231156	0.969849246231156	0.969849246231156	0.482528835574813	0.0691023630889547	0.993133413581814	0.028622646049092	0.352610509566953	0.385597262048959	0.00402785282911561	0.830503774409356
"195"	0.974874371859296	0.974874371859296	0.974874371859296	0.974874371859296	0.974874371859296	0.974874371859296	0.974874371859296	0.974874371859296	0.48266744881785	0.0691389508435373	0.99339801315772	0.0290476363575	0.352728708306768	0.386167741434727	0.00402785282911561	0.830557728625429
"196"	0.979899497487437	0.979899497487437	0.979899497487437	0.979899497487437	0.979899497487437	0.979899497487437	0.979899497487437	0.979899497487437	0.482784736946573	0.0691699097127995	0.993621905106564	0.0294757585946407	0.352828722625074	0.386741169034375	0.00402785282911561	0.830603382192874
"197"	0.984924623115578	0.984924623115578	0.984924623115578	0.984924623115578	0.984924623115578	0.984924623115578	0.984924623115578	0.984924623115578	0.482880699960983	0.0691952396967413	0.993805089428345	0.0299070127605139	0.35291055252187	0.387317544847903	0.00402785282911561	0.830640735111694
"198"	0.989949748743719	0.989949748743719	0.989949748743719	0.989949748743719	0.989949748743719	0.989949748743719	0.989949748743719	0.989949748743719	0.482955337861079	0.0692149407953627	0.993947566123064	0.0303413988551197	0.352974197997155	0.387896868875311	0.00402785282911561	0.830669787381887
"199"	0.994974874371859	0.994974874371859	0.994974874371859	0.994974874371859	0.994974874371859	0.994974874371859	0.994974874371859	0.994974874371859	0.483008650646862	0.0692290130086637	0.99404933519072	0.0307789168784581	0.35301965905093	0.388479141116598	0.00402785282911561	0.830690539003453
"200"	1	1	1	1	1	1	1	1	0.483040638318332	0.0692374563366443	0.994110396631314	0.031219566830529	0.353046935683195	0.389064361571766	0.00402785282911561	0.830702989976393
