sample	Site	median	mean	siltandclay	Branch_stock	Branch_CN	Leaf_stock	Leaf_CN	FH_stock	FH_CN	Latitude	Longitude	Altitude	MAT	MAP	Dominant_tree_type_1	Dominant_tree_type	Bac_Chao1	Fungi_Chao1	NMDS1_bac	NMDS1_fungi	NMDS2_bac	NMDS2_fungi	GNIT_Soil.DNA	GMIN_Soil.DNA	GMIN_TN	GMIN_GNH4C	GNIT_GMIN	GMIN_GNIT_GMIN	pH.H2O.	Total.C	Total.N	CN	GMIN	GNIT	GNH4C	GNO3C	Soil.DNA	Bacterial.16S	Fungal.18S	F.B	WRB	WRB_3	soil_type	Forest_type	Dominant_tree_species	d15N
S1	URA	4.808	8.904181009	98.36304911	3.09	117.18	4.13	50.55	16.45	32.46	44.36722222	142.2466667	300	4.4	1150	0	Conifer	3406.845697	885.4473684	-0.750217976	-0.012319985	-0.797967085	-0.825745488	0.030817901	0.044382716	5.045614035	0.712233779	0.694367177	0.305632823	4.98	8.92	0.57	15.64912281	2.876	1.997	4.038	NA	64.8	87620178412	2742133416	0.031	Cambisols	Cambisols	2	Artificial coniferous forest (planted in 1956)	Abies sachalinensis	2.288275441
S10	URN	7.225	15.51687291	93.57812844	6.76	68.09	1.02	30.87	9.27	27.93	44.35583333	142.2580556	300	4.4	1150	0	Conifer	5912.99403	1231.134328	-0.805329846	-0.395562205	-0.369220612	-0.700364253	0.007777778	0.052279202	5.097222222	1.355243722	0.148773842	0.851226158	4.82	5.13	0.36	14.25	1.835	0.273	1.354	0.263	35.1	47413682604	2281414790	0.048	Cambisols	Cambisols	2	Cool temperate mixed forest	Abies sachalinensis	3.761521433
S100	SDB	16.312	35.79128537	80.02639947	NA	NA	NA	NA	NA	NA	36.51916667	138.3519444	1300	6.6	1220	1	Broadleaf	4432.416176	1230.949153	-0.584078364	-0.359231033	-0.201561052	-0.376051222	0.000702668	0.020370852	2.872477064	0.567827349	0.034493772	0.965506228	4.95	23.16	1.09	21.24770642	3.131	0.108	5.514	0.974	153.7	3.67E+11	26002241890	0.071	Andosols	Andosols	3	Cool temperate deciduous broadleaved forest	Quercus crispula	2.379765836
S101	SDG	6.308	13.13047401	94.91415258	0	NA	0	NA	4.41	21.85	36.52333333	138.3497222	1330	6.6	1220	0	Conifer	5514.140244	1612.047945	0.454271354	0.594294898	-0.161266274	-0.339246129	0.004857143	0.014832298	1.126415094	0.991694352	0.327470687	0.672529313	6.09	16.29	1.06	15.36792453	1.194	0.391	1.204	3.957	80.5	1.82E+11	6005342632	0.033	Andosols	Andosols	3	Grassland	Miscanthus sinensis	5.120684479
S102	SDG	7.225	20.08674221	89.832	0	NA	0	NA	3.36	23.88	36.52333333	138.3497222	1330	6.6	1220	0	Conifer	5947.227129	1816.377358	0.190633371	0.337758163	0.014676214	-0.237562075	0.00090784	0.074580468	4.798230088	0.639990557	0.01217263	0.98782737	5.99	17.54	1.13	15.52212389	5.422	0.066	8.472	1.938	72.7	1.68E+11	2705297042	0.016	Andosols	Andosols	3	Grassland	Miscanthus sinensis	5.438907235
S103	SDG	6.308	15.62987101	93.3034018	0	NA	0	NA	4.13	21.13	36.52333333	138.3497222	1330	6.6	1220	0	Conifer	5641.239872	1715.641791	0.317038835	0.468356746	0.003293873	-0.239479673	0.009303371	0.066078652	4.781300813	0.636196452	0.140792382	0.859207618	5.73	17.71	1.23	14.39837398	5.881	0.828	9.244	0.23	89	2.19E+11	4640096873	0.021	Andosols	Andosols	3	Grassland	Miscanthus sinensis	5.111678175
S104	SDG	6.308	21.81855505	88.93811062	0	NA	0	NA	7.41	23.53	36.52333333	138.3497222	1330	6.6	1220	0	Conifer	5225.86399	1325.073171	0.366970782	0.585084014	0.125028182	-0.232295973	0.006155748	0.030123609	2.277570093	0.732051667	0.20434961	0.79565039	5.88	16.08	1.07	15.02803738	2.437	0.498	3.329	3.975	80.9	2.03E+11	7463164520	0.037	Andosols	Andosols	3	Grassland	Miscanthus sinensis	5.450391778
S105	SDG	7.225	15.62838796	93.398	0	NA	0	NA	3.52	34.51	36.52333333	138.3497222	1330	6.6	1220	0	Conifer	5159.399516	1482.45098	0.182916713	0.52132218	0.095229041	-0.361722025	0.006289199	0.007195122	0.744144144	0.804284323	0.87409201	0.12590799	5.78	17.86	1.11	16.09009009	0.826	0.722	1.027	4.507	114.8	2.61E+11	8129606151	0.031	Andosols	Andosols	3	Grassland	Miscanthus sinensis	4.593568739
S106	FKA	18.683	62.40292096	66.11767765	0	NA	0.13	70.27	15.13	112.44	35.20555556	140.1030556	180	14	2310	0	Conifer	6498.724231	1478.384615	1.226263308	0.492288658	0.399857036	0.505322695	0.002210066	0.057636761	8.78	0.552085517	0.038344723	0.961655277	6.61	5.58	0.3	18.6	2.634	0.101	4.771	0.031	45.7	1.07E+11	1412184247	0.013	Cambisols	Cambisols	2	Artificial coniferous forest (planted in 1928-1931)	Cryptomeria japonica	1.009880819
S107	FKA	21.399	40.3669178	70.89858203	0	NA	0	17.06	21.49	116.54	35.20555556	140.1030556	180	14	2310	0	Conifer	7065.550466	1546.582192	0.814597861	0.516896682	0.477508482	0.582535314	0.023986014	0.091153846	15.33529412	0.825522483	0.263137706	0.736862294	6.83	3.44	0.17	20.23529412	2.607	0.686	3.158	NA	28.6	61412384084	2817660279	0.046	Cambisols	Cambisols	2	Artificial coniferous forest (planted in 1928-1931)	Cryptomeria japonica	0.546248715
S108	FKA	7.225	18.92459052	89.40542378	0.02	115.28	0.52	82.24	12.24	92.82	35.20555556	140.1030556	180	14	2310	0	Conifer	4922.446118	947.7222222	0.759491873	0.32855973	0.702511847	0.732315285	0.067692308	0	0	0	0	0	6.77	3.78	0.23	16.43478261	NA	1.496	1.746	NA	22.1	41861602226	543607984	0.013	Cambisols	Cambisols	2	Artificial coniferous forest (planted in 1928-1931)	Cryptomeria japonica	3.274916523
S109	FKA	8.275	27.20371904	84.67976601	0.06	127.09	0.19	65.84	15.84	75.75	35.20555556	140.1030556	180	14	2310	0	Conifer	5277.965347	1128.834862	0.599794049	0.311528234	0.669601378	0.610814888	0	0.100307692	5.015384615	0.689217759	0	1	6.24	2.45	0.13	18.84615385	0.652	NA	0.946	0.196	6.5	16029220830	316237912	0.02	Cambisols	Cambisols	2	Artificial coniferous forest (planted in 1928-1931)	Cryptomeria japonica	3.422918808
S11	SCB	21.399	44.35258745	73.847	0.07	49.84	2.66	41.03	6.03	23.37	43.38805556	144.66	120	6.2	1170	1	Broadleaf	8840.682992	1789.505747	0.433116411	0.565956044	-0.503512542	-0.500840253	0.02700361	0.028619134	2.781578947	0.532136264	0.94355093	0.05644907	5.49	15.06	1.14	13.21052632	3.171	2.992	5.959	0.1	110.8	2.53E+11	4530748418	0.018	Andosols	Andosols	3	Cool temperate deciduous broadleaved forest	Quercus crispula	1.044514618
S110	FKA	12.434	26.94375015	83.63616364	0	NA	0.52	105.6	16.65	96.44	35.20555556	140.1030556	180	14	2310	0	Conifer	5787.446809	1236.285714	1.233748494	0.610019641	0.472032923	0.63403131	0.005877034	0.065985533	8.688095238	0.694518462	0.089065497	0.910934503	6.96	7.74	0.42	18.42857143	3.649	0.325	5.254	0.579	55.3	1.20E+11	603192612	0.005	Cambisols	Cambisols	2	Artificial coniferous forest (planted in 1928-1931)	Cryptomeria japonica	-0.159967519
S111	FKB	10.856	18.24290981	91.86732531	0	NA	0.08	58.5	1.91	90.25	35.205	140.1030556	170	14	2310	0	Conifer	8924.517647	1523.883495	1.048815232	0.550281691	0.397732488	0.480023418	0	0.076666667	7.053333333	0.622719247	0	1	6.62	5.23	0.3	17.43333333	2.116	NA	3.398	0.055	27.6	63321108432	453003570	0.007	Cambisols	Cambisols	2	Artificial coniferous forest (planted in 2000)	Cryptomeria japonica	0.945706428
S112	FKB	10.856	23.79798712	85.93170341	0.25	302.46	0.1	155.09	3.8	122.6	35.205	140.1030556	170	14	2310	0	Conifer	7870.749203	1840.951351	0.49021581	0.149682468	0.468305755	0.440484686	0.001719902	0.121351351	17.03103448	0.79558634	0.014172909	0.985827091	6.61	5.06	0.29	17.44827586	4.939	0.07	6.208	0.509	40.7	1.05E+11	3824166180	0.037	Cambisols	Cambisols	2	Artificial coniferous forest (planted in 2000)	Cryptomeria japonica	0.581032902
S113	FKB	8.275	13.80620465	95.8700826	0	NA	0	NA	2.14	66.55	35.205	140.1030556	170	14	2310	0	Conifer	8799.144737	1722.798165	1.035593169	0.601129333	0.435058766	0.47993951	0.010557851	0.045	8.066666667	0.633323641	0.234618916	0.765381084	6.41	4.48	0.27	16.59259259	2.178	0.511	3.439	NA	48.4	1.22E+11	963408949	0.008	Cambisols	Cambisols	2	Artificial coniferous forest (planted in 2000)	Cryptomeria japonica	1.43363553
S114	FKB	9.478	24.25687556	85.43429131	0	NA	0	NA	7.97	61.59	35.205	140.1030556	170	14	2310	0	Conifer	8669.546784	1079.647059	1.250478975	0.783615261	0.393060023	0.486096582	0	0.099789474	13.54285714	0.448438978	0	1	6.63	2.09	0.14	14.92857143	1.896	NA	4.228	0.113	19	35094620139	183055654	0.005	Cambisols	Cambisols	2	Artificial coniferous forest (planted in 2000)	Cryptomeria japonica	3.116649538
S115	FKB	12.434	33.86830618	79.21624703	0	NA	0	NA	2.69	87.86	35.205	140.1030556	170	14	2310	0	Conifer	9157.339882	1777.234899	0.71758857	0.374824579	0.414915218	0.308864904	0.038429003	0.079335347	7.957575758	0.704777241	0.4843869	0.5156131	6.76	6.17	0.33	18.6969697	2.626	1.272	3.726	NA	33.1	83118295390	992966163	0.012	Cambisols	Cambisols	2	Artificial coniferous forest (planted in 2000)	Cryptomeria japonica	0.775883069
S116	TZA	8.275	24.89437926	85.3778026	0.23	111.06	0.54	88.58	4.96	74.87	35.46888889	139.2091667	560	11	2910	0	Conifer	7667.374867	1135.663043	1.066385268	0.772182936	0.119408218	0.226632006	0.016230964	0.042664975	7.471111111	0.68347225	0.380428316	0.619571684	6.62	5.6	0.45	12.44444444	3.362	1.279	4.919	0.086	78.8	2.01E+11	879354308	0.004	Cambisols	Cambisols	2	Artificial coniferous forest (planted in 1983-1985)	Cryptomeria japonica	2.635632067
S117	TZA	8.275	20.50271117	89.39553022	1.15	268.65	0.11	63.55	7.5	90.61	35.46888889	139.2091667	560	11	2910	0	Conifer	7342.693642	1434.378378	1.01530061	0.485559394	0.072435662	0.218694878	0.000871212	0.055429293	8.283018868	0.717554756	0.01571754	0.98428246	6.73	6.68	0.53	12.60377358	4.39	0.069	6.118	NA	79.2	1.44E+11	1056732712	0.007	Cambisols	Cambisols	2	Artificial coniferous forest (planted in 1983-1985)	Cryptomeria japonica	2.232250178
S118	TZA	7.225	15.41130403	94.02705973	1.21	87.58	0.06	50.35	11.29	86.93	35.46888889	139.2091667	560	11	2910	0	Conifer	7918.192389	1461.608247	0.798812924	0.536450526	0.050245361	0.183618209	0.00803681	0.039120654	7.085185185	0.729874094	0.205436487	0.794563513	6.89	7.32	0.54	13.55555556	3.826	0.786	5.242	0.015	97.8	2.73E+11	1111279495	0.004	Cambisols	Cambisols	2	Artificial coniferous forest (planted in 1983-1985)	Cryptomeria japonica	2.170113069
S119	TZA	9.478	23.53811296	88.10845355	3.13	238.66	0.73	68.68	11.9	87.48	35.46888889	139.2091667	560	11	2910	0	Conifer	8114	1198.613333	1.130146074	0.728922693	0.05638439	0.292354168	0.01001938	0.079844961	8.24	0.752648886	0.125485437	0.874514563	6.91	6.45	0.5	12.9	4.12	0.517	5.474	NA	51.6	1.24E+11	487889271	0.004	Cambisols	Cambisols	2	Artificial coniferous forest (planted in 1983-1985)	Cryptomeria japonica	2.827243199
S12	SCB	21.399	44.69173857	74.43527824	0.67	55.23	2.36	31.76	3.95	25.21	43.38805556	144.66	120	6.2	1170	1	Broadleaf	9213.150299	1671.449612	0.238130651	0.451944195	-0.457524696	-0.571192492	0.018791878	0.047258883	5.967948718	0.639510922	0.39763695	0.60236305	5.32	10.7	0.78	13.71794872	4.655	1.851	7.279	0.052	98.5	2.12E+11	2213354149	0.01	Andosols	Andosols	3	Cool temperate deciduous broadleaved forest	Quercus crispula	1.189161658
S120	TZA	8.275	19.9357407	90.04719906	0.2	107.62	0	69.95	6.31	70.39	35.46888889	139.2091667	560	11	2910	0	Conifer	8434.755102	1382.649351	1.018475092	0.603120233	0.064571831	0.183488329	0.009333333	0.101647059	7.005405405	0.734902183	0.091820988	0.908179012	6.93	8.97	0.74	12.12162162	5.184	0.476	7.054	NA	51	1.27E+11	786380352	0.006	Cambisols	Cambisols	2	Artificial coniferous forest (planted in 1983-1985)	Cryptomeria japonica	2.126877791
S121	TZB	8.275	21.24705095	88.6233413	3.34	81.74	0.25	44.76	0.55	82.17	35.47111111	139.2116667	510	11	2910	0	Conifer	9916.24264	1591.063158	1.326482126	0.528716612	0.112859298	0.283185007	0.004722689	0.232352941	20.33088235	0.522802904	0.020325497	0.979674503	6.59	8.23	0.68	12.10294118	13.825	0.281	26.444	0.228	59.5	1.52E+11	631722946	0.004	Cambisols	Cambisols	2	Artificial coniferous forest (year of plantation: unknown)	Cryptomeria japonica	1.493145202
S122	TZB	8.275	18.95128823	90.83690837	1.47	84.89	0.1	38.38	0.51	71.71	35.47111111	139.2116667	510	11	2910	0	Conifer	9624.83913	1452.703704	1.286929326	0.513640444	0.095612959	0.294916048	0.012536765	0.853823529	43.81886792	0.755841958	0.014683086	0.985316914	6.72	6.09	0.53	11.49056604	23.224	0.341	30.726	NA	27.2	69180699419	412510969	0.006	Cambisols	Cambisols	2	Artificial coniferous forest (year of plantation: unknown)	Cryptomeria japonica	0.523466426
S123	TZB	9.478	21.56307422	88.671579	1.46	90.85	0.07	49.05	0.74	54.81	35.47111111	139.2116667	510	11	2910	0	Conifer	8871.828767	1509.032967	1.284468664	0.583928611	0.124571746	0.266981412	0.010291777	0.087374005	5.49	0.255487474	0.117789921	0.882210079	6.77	6.88	0.6	11.46666667	3.294	0.388	12.893	0.921	37.7	77096640867	433860009	0.006	Cambisols	Cambisols	2	Artificial coniferous forest (year of plantation: unknown)	Cryptomeria japonica	6.5927149
S124	TZB	9.478	28.87099517	84.22231555	2.35	142.91	0.38	37.98	1.17	60.43	35.47111111	139.2116667	510	11	2910	0	Conifer	8593.195187	1513.350877	1.280007928	0.641092154	0.147347613	0.319973928	0.01115192	0	0	0	0	0	6.82	6.67	0.56	11.91071429	NA	0.668	5.523	NA	59.9	1.38E+11	881152854	0.006	Cambisols	Cambisols	2	Artificial coniferous forest (year of plantation: unknown)	Cryptomeria japonica	1.094026661
S125	TZB	9.478	19.61466842	90.35419292	0.86	104.53	0.09	43.51	0.84	63.11	35.47111111	139.2116667	510	11	2910	0	Conifer	7982.244186	869.902439	1.446305538	0.84343256	0.12341091	0.405700865	0.016401674	0	0	0	0	0	6.99	4.88	0.44	11.09090909	NA	0.392	3.178	0.209	23.9	58615787952	200593588	0.003	Cambisols	Cambisols	2	Artificial coniferous forest (year of plantation: unknown)	Cryptomeria japonica	1.424748143
S126	FJF	36.829	88.13092463	56.299563	8.26	161.26	21.05	46.19	75	28.97	35.44416667	138.7636111	1100	8.8	1850	0	Conifer	9530.808333	1866.2	0.694503014	0.346559209	-0.153452374	-0.180064072	0	0.057702128	4.109090909	0.467747499	0	1	7.92	6.11	0.33	18.51515152	1.356	NA	2.899	0.524	23.5	54288961398	1031788196	0.019	Regosols	others	1	Artificial coniferous forest (planted in 1955)	Larix kaempferi	-0.469186106
S127	FJF	24.51	35.98706979	77.02445951	10.33	132.39	5.32	66	36.58	33.21	35.44416667	138.7636111	1100	8.8	1850	0	Conifer	10012.57191	1814.852761	0.859921583	0.469482517	-0.227781734	-0.136111244	0	0.033305556	4.440740741	0.421589311	0	1	7.43	4.54	0.27	16.81481481	1.199	NA	2.844	1.08	36	89881796378	1071676984	0.012	Regosols	others	1	Artificial coniferous forest (planted in 1955)	Larix kaempferi	0.100234287
S128	FJF	24.51	48.36485917	68.75362493	4.32	139.61	10.17	44.11	59.35	36.34	35.44416667	138.7636111	1100	8.8	1850	0	Conifer	10201.67736	1729.75	0.835261393	0.478530973	-0.164760534	-0.186260553	0.006148649	0.053918919	3.069230769	0.297761194	0.114035088	0.885964912	7.34	4.67	0.26	17.96153846	0.798	0.091	2.68	0.26	14.8	51560611183	644624841	0.013	Regosols	others	1	Artificial coniferous forest (planted in 1955)	Larix kaempferi	-0.000611185
S129	FJF	32.155	53.94851278	64.79405618	2.48	131.07	38.1	43.82	35.57	47.63	35.44416667	138.7636111	1100	8.8	1850	0	Conifer	8931.103448	1522.331126	0.789433868	0.267402721	-0.24296583	-0.170119779	0.019655172	0.031149425	4.516666667	0.309596344	0.63099631	0.36900369	7.16	3.42	0.18	19	0.813	0.513	2.626	0.338	26.1	76302309445	1610381910	0.021	Regosols	others	1	Artificial coniferous forest (planted in 1955)	Larix kaempferi	-0.789559377
S13	SCB	16.312	27.28666048	87.59712403	0.91	59.08	3.08	41.13	5.8	24.37	43.38805556	144.66	120	6.2	1170	1	Broadleaf	8649.195455	1936.248175	0.152113661	0.399435109	-0.502385255	-0.599521585	0.020548223	0.055857868	7.053846154	0.675423521	0.36786623	0.63213377	5.21	11.18	0.78	14.33333333	5.502	2.024	8.146	0.67	98.5	2.44E+11	3431609603	0.014	Andosols	Andosols	3	Cool temperate deciduous broadleaved forest	Quercus crispula	0.608536213
S130	FJF	21.399	44.41110072	73.58805648	5.8	154.94	6.08	58.86	46.56	28.63	35.44416667	138.7636111	1100	8.8	1850	0	Conifer	9918.983126	2074.028986	0.839260479	0.493271945	-0.213712235	-0.09823286	0.016788991	0	0	0	0	0	7.18	3.4	0.19	17.89473684	NA	0.183	NA	0.033	10.9	38816819246	726000174	0.019	Regosols	others	1	Artificial coniferous forest (planted in 1955)	Larix kaempferi	0.060140429
S131	FJS	24.51	35.79976318	76.85469436	3.4	180.38	18.89	36.18	31.57	29.5	35.44416667	138.7633333	1100	8.8	1850	0	Conifer	8802.013966	1467.618557	0.976618619	0.590085819	-0.116673931	-0.183280482	0.025363636	0.021363636	2.455223881	0.472158439	1.187234043	-0.187234043	6.65	9.63	0.67	14.37313433	1.645	1.953	3.484	0.47	77	1.82E+11	1690001017	0.009	Andosols	Andosols	3	Artificial coniferous forest (planted in 1955)	Larix kaempferi	0.93857594
S132	FJS	24.51	47.4946338	71.103	2.82	92.21	2.98	64.53	33.41	29.7	35.44416667	138.7633333	1100	8.8	1850	0	Conifer	8668.213483	1388.438776	0.835422815	0.502369849	-0.140480973	-0.174409723	0.009748284	0.021956522	2.429113924	0.53055018	0.44398124	0.55601876	6.67	11.1	0.79	14.05063291	1.919	0.852	3.617	0.494	87.4	2.57E+11	1250476589	0.005	Andosols	Andosols	3	Artificial coniferous forest (planted in 1955)	Larix kaempferi	1.903229092
S133	FJS	21.399	37.15810476	77.09445811	9.46	95.44	10.4	37.56	37.49	31.32	35.44416667	138.7633333	1100	8.8	1850	0	Conifer	9479.986551	1768.044693	0.867024493	0.524073119	-0.117040741	-0.135687069	0	0.018019402	2.274489796	0.541808459	0	1	6.55	13.94	0.98	14.2244898	2.229	NA	4.114	0.321	123.7	3.29E+11	3243069683	0.01	Andosols	Andosols	3	Artificial coniferous forest (planted in 1955)	Larix kaempferi	1.684221249
S134	FJS	24.51	47.48953063	69.76320947	6.6	120.55	17.04	29.73	63.52	23.85	35.44416667	138.7633333	1100	8.8	1850	0	Conifer	8861.861272	1219.984375	0.990145349	0.745697787	-0.154668429	-0.078942996	0.011069042	0.010055679	1.157692308	0.377192982	1.100775194	-0.100775194	6.72	10.8	0.78	13.84615385	0.903	0.994	2.394	NA	89.8	2.55E+11	799753364	0.003	Andosols	Andosols	3	Artificial coniferous forest (planted in 1955)	Larix kaempferi	2.050574947
S135	FJS	10.856	20.29521182	92.57822265	6.22	139.67	5.61	31.39	57.25	25.01	35.44416667	138.7633333	1100	8.8	1850	0	Conifer	9203.950943	1284.11236	1.036273961	0.726964852	-0.157321029	-0.106849511	0.027985972	0.010761523	1.193333333	0.327538884	2.600558659	-1.600558659	6.81	12.08	0.9	13.42222222	1.074	2.793	3.279	0.325	99.8	1.86E+11	606332431	0.003	Andosols	Andosols	3	Artificial coniferous forest (planted in 1955)	Larix kaempferi	1.460364302
S136	STN	8.275	12.14241744	97.88906333	0.37	151.88	0.43	89.88	10.3	43.25	35.26138889	137.0786111	200	14.6	1520	1	Broadleaf	4001.513699	887.2828283	-1.716461066	-1.130807381	0.270360358	0.223064314	0.002317597	0.119742489	13.28571429	0.75	0.019354839	0.980645161	3.88	6.62	0.21	31.52380952	2.79	0.054	3.72	0.726	23.3	49990463301	7163991595	0.143	Cambisols	Cambisols	2	Secondary evergreen broadleaved forest	Ilex pedunculosa	-1.324901346
S137	STN	16.312	46.14353981	74.21451571	0.39	180.84	0.15	88.38	11.25	34.76	35.26138889	137.0786111	200	14.6	1520	1	Broadleaf	3946.860902	915.3736264	-1.682573272	-0.942325977	0.357961845	0.256898006	0	0.050611111	2.679411765	0.403812057	0	1	4.1	9.09	0.34	26.73529412	0.911	NA	2.256	0.183	18	28491883768	5205785058	0.183	Cambisols	Cambisols	2	Secondary evergreen broadleaved forest	Ilex pedunculosa	-2.831354397
S138	STN	10.856	29.63445949	86.38172763	0.33	91.48	0.07	90.08	12.24	43.98	35.26138889	137.0786111	200	14.6	1520	1	Broadleaf	3322.960938	735.1707317	-1.69858395	-1.096281082	0.442045905	0.205650851	0	0	0	0	0	0	4.04	4.22	0.14	30.14285714	NA	NA	0.444	0.556	7.9	20539554131	4361735328	0.212	Cambisols	Cambisols	2	Secondary evergreen broadleaved forest	Ilex pedunculosa	-1.208127458
S139	STN	9.478	24.69184825	86.354	0.03	73.32	0.07	64.99	12.98	27.64	35.26138889	137.0786111	200	14.6	1520	1	Broadleaf	5102.748768	1020.941176	-1.328904442	-1.064978881	0.248420584	0.21100533	0.003251534	0.02190184	3.966666667	0.285371703	0.148459384	0.851540616	4.31	2.98	0.09	33.11111111	0.357	0.053	1.251	0.328	16.3	40550034576	3533328807	0.087	Cambisols	Cambisols	2	Secondary evergreen broadleaved forest	Ilex pedunculosa	0.777352022
S14	SCB	18.683	33.6554784	82.339	1.6	56.5	2.81	38.69	7.45	23.61	43.38805556	144.66	120	6.2	1170	1	Broadleaf	10000.42946	1969.730769	0.229164471	0.413366217	-0.491711979	-0.577328469	0.010117188	0.108242188	8.031884058	0.668596936	0.093468062	0.906531938	5.3	9.84	0.69	14.26086957	5.542	0.518	8.289	NA	51.2	1.23E+11	1703924502	0.014	Andosols	Andosols	3	Cool temperate deciduous broadleaved forest	Quercus crispula	1.567600487
S140	STN	10.856	22.8895933	87.13851446	0.15	96.41	0.09	104.21	10.77	26.04	35.26138889	137.0786111	200	14.6	1520	1	Broadleaf	4413.063136	981.8829787	-1.297424477	-0.921294177	0.293323082	0.178620822	0	0.165315315	20.38888889	0	0	1	4.57	3.03	0.09	33.66666667	1.835	NA	NA	NA	11.1	28228379666	2643980257	0.094	Cambisols	Cambisols	2	Secondary evergreen broadleaved forest	Ilex pedunculosa	-1.628617525
S141	ASA	4.198	8.612470269	97.05911764	2.54	295.58	5	122.05	5.43	44.27	35.33444444	135.76	690	11.9	2250	0	Conifer	8274.28125	1189.584416	-0.069672939	0.157760673	-0.090548107	0.142426998	0.033346883	0.041436314	3.870886076	0.429434068	0.804774362	0.195225638	5.72	12.53	0.79	15.86075949	3.058	2.461	7.121	NA	73.8	1.48E+11	870767271	0.006	Cambisols	Cambisols	2	Artificial coniferous forest (planted in 1972)	Cryptomeria japonica	1.486140298
S142	ASA	6.308	27.96509496	85.07629847	0.63	287.23	4.92	129.56	2.61	84.39	35.33444444	135.76	690	11.9	2250	0	Conifer	8912.143947	1534.25	0.679377169	0.704137135	0.138908053	0.145277289	0.024866469	0.084747774	6.208695652	0.613007083	0.293417367	0.706582633	6.22	7.56	0.46	16.43478261	2.856	0.838	4.659	NA	33.7	93511923525	471179418	0.005	Cambisols	Cambisols	2	Artificial coniferous forest (planted in 1972)	Cryptomeria japonica	1.929450615
S143	ASA	4.198	8.213696542	98.22201778	2.93	194.01	4.88	98.64	10.32	34.18	35.33444444	135.76	690	11.9	2250	0	Conifer	7356.473292	1343.842593	0.007042012	0.175785157	0.094552564	0.108342586	0.010773639	0.047449857	4.870588235	0.386825508	0.22705314	0.77294686	5.55	5	0.34	14.70588235	1.656	0.376	4.281	NA	34.9	83154430680	749265761	0.009	Cambisols	Cambisols	2	Artificial coniferous forest (planted in 1972)	Cryptomeria japonica	2.750025018
S144	ASA	4.198	9.582555222	96.80115994	1.51	134.3	7.52	103.7	7.86	28.76	35.33444444	135.76	690	11.9	2250	0	Conifer	7283.779828	1275.636364	-0.167942929	0.098814699	-0.025234106	0.038022581	0.012576142	0.042893401	7.347826087	0.546306772	0.293195266	0.706804734	5.13	7.36	0.46	16	3.38	0.991	6.187	NA	78.8	1.92E+11	1125942308	0.006	Cambisols	Cambisols	2	Artificial coniferous forest (planted in 1972)	Cryptomeria japonica	2.764933347
S145	ASA	4.808	10.43227321	96.21122733	1.8	321.86	3.22	107.41	5.55	51.9	35.33444444	135.76	690	11.9	2250	0	Conifer	8127.978655	838.0384615	0.897223838	0.951504968	0.228597238	0.308307569	0.007371795	0.096410256	7.161904762	0.422947132	0.076462766	0.923537234	6.28	2.78	0.21	13.23809524	1.504	0.115	3.556	NA	15.6	52641128691	119799809	0.002	Cambisols	Cambisols	2	Artificial coniferous forest (planted in 1972)	Cryptomeria japonica	4.249618398
S146	KGB	7.225	16.99799068	91.59808402	0.26	175.95	0.21	78.49	11.09	46.99	35.07027778	135.7675	140	14.2	1530	1	Broadleaf	4739.756058	1238.157895	-1.532434205	-1.107246986	0.154986411	0.244714439	0.005655738	0.055163934	2.926086957	0.871761658	0.102526003	0.897473997	4.29	8.49	0.23	36.91304348	0.673	0.069	0.772	0.802	12.2	25105328761	2696310396	0.107	Cambisols	Cambisols	2	Cool temperate deciduous broadleaved forest	Quercus serrata	-0.565010624
S147	KGB	7.225	53.0623213	81.40174393	0.04	213.07	0.14	81.34	9.73	44.28	35.07027778	135.7675	140	14.2	1530	1	Broadleaf	4245.896617	967.7826087	-1.397907273	-1.136413786	0.360499465	0.183478554	0.001894737	0.063526316	4.828	0.735527118	0.029826015	0.970173985	4.44	8.09	0.25	32.36	1.207	0.036	1.641	0.66	19	44487908528	5800329348	0.13	Cambisols	Cambisols	2	Cool temperate deciduous broadleaved forest	Quercus serrata	-0.453708388
S148	KGB	9.478	45.4730524	78.22821772	0.06	128.82	0.18	80.43	7.37	42.04	35.07027778	135.7675	140	14.2	1530	1	Broadleaf	5066.490818	1031.71875	-1.245413964	-1.011678595	0.267274616	0.300802992	0	0.145935484	6.854545455	0.899403579	0	1	4.29	9.82	0.33	29.75757576	2.262	NA	2.515	0.845	15.5	44835691963	4704891951	0.105	Cambisols	Cambisols	2	Cool temperate deciduous broadleaved forest	Quercus serrata	-0.560863808
S149	KGB	8.275	21.96363158	89.14121718	0.25	183.11	1.11	72.17	13.9	46.07	35.07027778	135.7675	140	14.2	1530	1	Broadleaf	5103.170732	1047.915888	-1.396982614	-1.093013945	0.21963287	0.229601915	0.000754717	0.191132075	14.47142857	0.753159851	0.003948667	0.996051333	4.48	7.21	0.21	34.33333333	3.039	0.012	4.035	0.309	15.9	26825323032	4455344500	0.166	Cambisols	Cambisols	2	Cool temperate deciduous broadleaved forest	Quercus serrata	-0.239139261
S15	SCB	18.683	29.04487564	84.46231075	0.56	88.62	3.12	35.35	7.93	31.96	43.38805556	144.66	120	6.2	1170	1	Broadleaf	10604.45699	2047.845133	0.677244247	0.556871918	-0.422570783	-0.46867099	0.01184379	0.078501921	9.016176471	0.689728878	0.150872615	0.849127385	5.79	9.32	0.68	13.70588235	6.131	0.925	8.889	NA	78.1	1.69E+11	2538031981	0.015	Andosols	Andosols	3	Cool temperate deciduous broadleaved forest	Quercus crispula	1.356475842
S150	KGB	7.225	19.43336802	90.14829555	0.67	132.67	1.15	65.8	8.35	51.96	35.07027778	135.7675	140	14.2	1530	1	Broadleaf	4318.574074	1037.226087	-1.401647118	-0.975010976	0.30265646	0.318608613	0	0.234489796	14.3625	0.601255887	0	1	4.68	5.1	0.16	31.875	2.298	NA	3.822	0.137	9.8	24330588512	3218477559	0.132	Cambisols	Cambisols	2	Cool temperate deciduous broadleaved forest	Quercus serrata	1.156731757
S151	KGC	12.434	29.58443472	85.94770261	0.22	186.55	0.01	40.54	37.48	36.68	35.06722222	135.7633333	190	14.2	1530	0	Conifer	2773.408408	575.3	-1.941027111	-1.331948903	0.227454339	0.365000252	0	0.168866397	26.06875	0.774702823	0	1	4.77	3.81	0.16	23.8125	4.171	NA	5.384	0.071	24.7	48714844312	4744300721	0.097	Cambisols	Cambisols	2	Secondary coniferous forest	Chamaecyparis obtusa	4.538570132
S152	KGC	10.856	17.44243637	94.34822607	0.29	126.79	0.01	35.38	19.74	48.43	35.06722222	135.7633333	190	14.2	1530	0	Conifer	2127.472081	697.8032787	-2.18884764	-1.324659431	0.456258917	0.233308247	0	0.009534884	0.984	0.328437917	0	1	4.63	6.12	0.25	24.48	0.246	NA	0.749	NA	25.8	57817736000	4655400531	0.081	Cambisols	Cambisols	2	Secondary coniferous forest	Chamaecyparis obtusa	4.51340686
S153	KGC	18.683	48.91277736	71.23686289	0.15	88.85	0	8.42	23.87	32.97	35.06722222	135.7633333	190	14.2	1530	0	Conifer	3843.735294	646.9069767	-1.923585382	-1.261603436	0.126753993	0.303964602	0.001571906	0.039531773	4.728	0.496430071	0.039763113	0.960236887	4.48	7.21	0.25	28.84	1.182	0.047	2.381	0.106	29.9	51263412632	3303559922	0.064	Cambisols	Cambisols	2	Secondary coniferous forest	Chamaecyparis obtusa	2.8013761
S154	KGC	28.073	94.07235494	59.2048159	0.22	123.11	0.01	51.09	34.09	35.58	35.06722222	135.7633333	190	14.2	1530	0	Conifer	3901.506303	830.1219512	-1.734526191	-1.137733572	0.190956826	0.328376867	0	0.123319838	19.0375	0.725238095	0	1	4.8	4.05	0.16	25.3125	3.046	NA	4.2	0.147	24.7	54953471144	6577099638	0.12	Cambisols	Cambisols	2	Secondary coniferous forest	Chamaecyparis obtusa	3.466673389
S155	KGC	12.434	81.11006975	77.06014699	0.01	121.49	0	27.16	31.55	37.26	35.06722222	135.7633333	190	14.2	1530	0	Conifer	2672.265306	580.25	-2.080330548	-1.335025257	0.197479856	0.306487412	0.001394659	0	0	0	0	0	4.79	3.97	0.18	22.05555556	NA	0.047	NA	NA	33.7	80397327616	2511012754	0.031	Cambisols	Cambisols	2	Secondary coniferous forest	Chamaecyparis obtusa	5.144600182
S156	SBA	72.598	87.98509356	39.85939859	5.48	128.42	0.69	75.37	1.43	75.79	32.37888889	131.0958333	1170	13.1	2660	0	Conifer	8534.118557	1314.009259	-0.245780945	-0.486015897	-0.307131159	0.073398172	0.0095	0.025985294	5.354545455	0.464388962	0.365591398	0.634408602	5.1	5.65	0.33	17.12121212	1.767	0.646	3.805	0.132	68	1.34E+11	1820536983	0.014	Cambisols	Cambisols	2	Artificial coniferous forest (planted in 1960)	Chamaecyparis obtusa	4.938779668
S157	SBA	109.085	113.491174	30.57769422	0.96	100.01	0.75	99.65	1.78	93.09	32.37888889	131.0958333	1170	13.1	2660	0	Conifer	8213.753086	1062.957447	-0.234674337	-0.464512547	-0.348594086	0.122149451	0.005137615	0.027541284	6.004	0.449670461	0.186542305	0.813457695	5.15	4.21	0.25	16.84	1.501	0.28	3.338	0.83	54.5	1.41E+11	1306552623	0.009	Cambisols	Cambisols	2	Artificial coniferous forest (planted in 1960)	Chamaecyparis obtusa	4.665783844
S158	SBA	83.152	95.40149036	34.72126394	3.43	152.16	0.25	79.92	2.96	92.38	32.37888889	131.0958333	1170	13.1	2660	0	Conifer	8448.153261	1728.675497	-0.198809193	-0.157396446	-0.324907951	0.111620451	0.013609959	0.046514523	6.793939394	0.474698285	0.292595897	0.707404103	4.99	5.08	0.33	15.39393939	2.242	0.656	4.723	0.264	48.2	1.06E+11	667357615	0.006	Cambisols	Cambisols	2	Artificial coniferous forest (planted in 1960)	Chamaecyparis obtusa	5.137414689
S159	SBA	95.239	114.3519864	30.47208584	5.34	105.73	0.53	69.42	1.02	64.6	32.37888889	131.0958333	1170	13.1	2660	0	Conifer	8642.73428	1676.52	-0.146059644	-0.194004211	-0.36099106	0.139922802	0.013436214	0.042139918	6.606451613	0.45683694	0.318847656	0.681152344	4.92	5.93	0.31	19.12903226	2.048	0.653	4.483	0.376	48.6	71006315133	555637430	0.008	Cambisols	Cambisols	2	Artificial coniferous forest (planted in 1960)	Chamaecyparis obtusa	4.238424748
S16	SCC	18.683	36.30285549	77.54689812	0.96	104.84	3.85	52.91	15.21	27.66	43.3425	144.6341667	50	6.2	1170	0	Conifer	9860.793833	1797.25	0.419273412	0.316133348	-0.4716924	-0.620083473	0.00172973	0.020018018	2.468888889	0.323717949	0.086408641	0.913591359	5.86	6.62	0.45	14.71111111	1.111	0.096	3.432	NA	55.5	1.28E+11	2809066057	0.022	Andosols	Andosols	3	Artificial coniferous forest (planted in 1959)	Larix kaempferi	1.93684425
S160	SBA	32.155	59.65046423	59.11363545	1.88	112.91	1.5	84.82	1.66	82.67	32.37888889	131.0958333	1170	13.1	2660	0	Conifer	8727.211635	1164.5	-0.064935377	-0.457069618	-0.189392813	0.142855388	0.013505417	0.030242192	6.412162162	0.779658232	0.446575342	0.553424658	5.16	10.33	0.74	13.95945946	4.745	2.119	6.086	1.001	156.9	2.77E+11	2650765791	0.01	Cambisols	Cambisols	2	Artificial coniferous forest (planted in 1960)	Chamaecyparis obtusa	2.998982395
S161	SBN	16.312	45.82498081	72.38772388	0.13	67.69	0.45	28.46	1.7	35.91	32.37638889	131.0972222	1190	13.1	2660	0	Conifer	8881.229459	1019.834862	-0.287944248	-0.5988871	-0.170684244	0.010486477	0.023081312	0.12139087	32.72884615	0.840154021	0.190140431	0.809859569	4.99	6.79	0.52	13.05769231	17.019	3.236	20.257	2.88	140.2	1.65E+11	3803196212	0.023	Cambisols	Cambisols	2	Cool temperate deciduous broadleaved forest	Carpinus sp.	4.729940302
S162	SBN	21.399	58.57375956	62.14851406	0.71	57.56	0.25	22.2	0.71	21.04	32.37638889	131.0972222	1190	13.1	2660	0	Conifer	7596.009307	1389.573248	-0.193889603	-0.46559864	-0.352670845	-0.028641426	0.123805031	0.10831761	8.504938272	0.927187079	1.142981565	-0.142981565	5.01	11.48	0.81	14.17283951	6.889	7.874	7.43	NA	63.6	1.38E+11	2856401385	0.021	Cambisols	Cambisols	2	Cool temperate deciduous broadleaved forest	Carpinus sp.	5.107356066
S163	SBN	95.239	98.43221552	31.75368246	0.46	109.47	0.1	27.01	0.53	24.18	32.37638889	131.0972222	1190	13.1	2660	0	Conifer	9098.730397	1378.911111	-0.171855181	-0.548131017	-0.283515146	-0.06011936	0.011584022	0.194889807	24.82280702	0.835587315	0.05943883	0.94056117	5.04	7.25	0.57	12.71929825	14.149	0.841	16.933	1.767	72.6	1.46E+11	1384214361	0.009	Cambisols	Cambisols	2	Cool temperate deciduous broadleaved forest	Carpinus sp.	4.400080947
S164	SBN	36.829	74.2886769	54.24883005	0.2	56.3	0.16	28.59	0.34	27.81	32.37638889	131.0972222	1190	13.1	2660	0	Conifer	6770.331484	1401.021277	-0.000906266	-0.588282732	-0.727589752	0.007224481	0.059733333	0.435714286	48.67021277	0.893729244	0.137092896	0.862907104	4.99	5.53	0.47	11.76595745	22.875	3.136	25.595	NA	52.5	99814691120	391048627	0.004	Cambisols	Cambisols	2	Cool temperate deciduous broadleaved forest	Carpinus sp.	3.828879753
S165	SBN	95.239	111.9207005	29.33741325	0.61	56.33	1.3	25.22	0.86	21.47	32.37638889	131.0972222	1190	13.1	2660	0	Conifer	7754.033487	1201.819149	-0.105641408	-0.584504559	-0.341834256	-0.061625286	0.042692737	0.203486034	18.03168317	0.866742814	0.209806721	0.790193279	4.82	12.93	1.01	12.8019802	18.212	3.821	21.012	2.79	89.5	1.36E+11	1470511371	0.011	Cambisols	Cambisols	2	Cool temperate deciduous broadleaved forest	Carpinus sp.	3.579136691
S166	TKA	18.683	41.49159362	76.08895644	0.65	108.33	0.53	62.98	3.73	72.16	31.51972222	130.795	530	14.9	3080	0	Conifer	10970.50465	1138.642857	0.934359115	0.176976782	0.085253056	0.530446521	0.170769231	0.094102564	3.67	0.147983871	1.814713896	-0.814713896	6.47	2.76	0.1	27.6	0.367	0.666	2.48	0.064	3.9	10625105962	61246076	0.006	Andosols	Andosols	3	Artificial coniferous forest (planted in 1960)	Cryptomeria japonica	-1.67601089
S167	TKA	16.312	37.50948386	79.23783049	0	NA	2.36	100.92	9.59	60.96	31.51972222	130.795	530	14.9	3080	0	Conifer	11147.19658	1167.385417	1.329174138	0.129440223	0.055408299	0.529771392	0.008549223	0.053108808	5.694444444	0.330006439	0.16097561	0.83902439	6.59	4.18	0.18	23.22222222	1.025	0.165	3.106	NA	19.3	51613094321	259057939	0.005	Andosols	Andosols	3	Artificial coniferous forest (planted in 1960)	Cryptomeria japonica	-2.704037236
S168	TKA	16.312	32.35633466	81.66318337	0.71	112.13	0.7	93.64	7.76	56.54	31.51972222	130.795	530	14.9	3080	0	Conifer	10036.30201	1107.662651	1.310222294	0.171293317	-0.027293788	0.540198265	0.152878788	0.163333333	8.983333333	0.374435568	0.935992579	0.064007421	6.81	3.12	0.12	26	1.078	1.009	2.879	0.152	6.6	19620682464	111990421	0.006	Andosols	Andosols	3	Artificial coniferous forest (planted in 1960)	Cryptomeria japonica	-2.317333871
S169	TKA	32.155	105.9191085	58.32525024	3.87	107.82	1.61	88.94	8.77	52.79	31.51972222	130.795	530	14.9	3080	0	Conifer	11185.08235	1453.019231	1.268768338	0.317432057	-0.004251023	0.458536442	0.081466667	0.117733333	12.61428571	0.285206718	0.69195923	0.30804077	6.72	2.17	0.07	31	0.883	0.611	3.096	0.122	7.5	16288596577	123731879	0.008	Andosols	Andosols	3	Artificial coniferous forest (planted in 1960)	Cryptomeria japonica	-2.569426238
S17	SCC	18.683	35.8303897	79.77140457	1.46	103.66	4.88	48.65	13.86	27.76	43.3425	144.6341667	50	6.2	1170	0	Conifer	9509.29254	1795.067568	0.326973423	0.268560547	-0.503579614	-0.53667274	0.01087037	0.054055556	5.957142857	0.590412621	0.201096266	0.798903734	5.69	6.93	0.49	14.14285714	2.919	0.587	4.944	NA	54	1.07E+11	1080011480	0.01	Andosols	Andosols	3	Artificial coniferous forest (planted in 1959)	Larix kaempferi	1.837017419
S170	TKA	14.242	27.42620638	86.30427391	0.32	103.12	0.24	77.36	3.6	51.21	31.51972222	130.795	530	14.9	3080	0	Conifer	11249.85247	1593.697987	1.296023315	0.301587027	0.007775768	0.335486445	0.167142857	0.35047619	10.51428571	0.265320836	0.476902174	0.523097826	6.96	2	0.07	28.57142857	0.736	0.351	2.774	0.15	2.1	14895397504	93730807	0.006	Andosols	Andosols	3	Artificial coniferous forest (planted in 1960)	Cryptomeria japonica	-1.803065443
S171	TKN	124.942	171.5893629	35.32023399	1.99	57.51	3.36	41.11	4.67	27.79	31.53527778	130.7511111	630	14.9	3080	1	Broadleaf	7949.782366	2047.704762	0.769776387	0.039506666	0.583733787	0.276923825	0.212608696	0.69	12.20769231	0.684641933	0.308128544	0.691871456	5.49	2.09	0.13	16.07692308	1.587	0.489	2.318	0.581	2.3	19034584876	292727482	0.015	Regosols	others	1	Warm temperate evergreen broadleaved forest	Castanopsis sieboldii	-1.741554906
S172	TKN	72.598	106.3609232	40.53697315	2.17	59.1	2.68	36.14	5.42	28.35	31.53527778	130.7511111	630	14.9	3080	1	Broadleaf	7258.725166	1440.738739	1.153251102	-0.003018093	0.740027144	0.261570509	0.03140625	0.16046875	11.41111111	0.577615298	0.195715677	0.804284323	5.78	1.33	0.09	14.77777778	1.027	0.201	1.778	0.49	6.4	29841665359	365420993	0.012	Regosols	others	1	Warm temperate evergreen broadleaved forest	Castanopsis sieboldii	-3.218816174
S173	TKN	18.683	51.80753064	72.14872149	0.9	66.36	2.2	40.95	5.16	28.08	31.53527778	130.7511111	630	14.9	3080	1	Broadleaf	9605.988764	1535.9	1.03315542	0.027207062	0.357976802	0.268064137	0.155454545	0.904545455	9.95	0.55002764	0.171859296	0.828140704	5.68	1.6	0.1	16	0.995	0.171	1.809	NA	1.1	11121996781	300752125	0.027	Regosols	others	1	Warm temperate evergreen broadleaved forest	Castanopsis sieboldii	-3.141171725
S174	TKN	28.073	78.70933086	60.98617041	0.93	58.36	2.04	35.87	3.45	29.1	31.53527778	130.7511111	630	14.9	3080	1	Broadleaf	8967.55706	1643.118644	0.668903301	0.285290542	0.304149941	0.380530417	0.056170213	0.113191489	4.092307692	0.561774023	0.496240602	0.503759398	5.92	1.96	0.13	15.07692308	0.532	0.264	0.947	NA	4.7	11665434380	240229939	0.021	Regosols	others	1	Warm temperate evergreen broadleaved forest	Castanopsis sieboldii	-1.493496017
S175	TKN	83.152	176.8487707	39.9968001	0.98	48.26	4.16	38.53	5.37	24.02	31.53527778	130.7511111	630	14.9	3080	1	Broadleaf	8261.204593	1450.488636	0.562666047	0.049758294	0.45765021	0.320111558	0.084545455	0.270727273	12.40833333	0.642087107	0.312290128	0.687709872	5.69	1.75	0.12	14.58333333	1.489	0.465	2.319	NA	5.5	15460844093	291613604	0.019	Regosols	others	1	Warm temperate evergreen broadleaved forest	Castanopsis sieboldii	-1.69516991
S176	YNN	6.308	23.38289046	89.65489655	0	NA	7.16	43.96	6.44	34.87	26.7525	128.2180556	200	20.9	2550	1	Broadleaf	6774.871069	1534.992537	-0.730334212	-0.109862686	0.882735686	-0.229406921	0.093705584	0.056091371	9.208333333	0.371303763	1.670588235	-0.670588235	5.22	3.54	0.12	29.5	1.105	1.846	2.976	2.247	19.7	31347204512	1487548041	0.047	Acrisols	others	1	Subtropical evergreen broadleaved forest	Castanopsis sieboldii	3.293422405
S177	YNN	7.225	21.10408814	89.42942282	0	NA	4.32	49.9	1.06	34.84	26.7525	128.2180556	200	20.9	2550	1	Broadleaf	5593.468315	1666.893443	-1.048095638	-0.031254361	0.862263047	-0.156710599	0.082705314	0.489275362	67.52	3.161048689	0.169036335	0.830963665	4.88	5.06	0.15	33.73333333	10.128	1.712	3.204	1.557	20.7	32319959845	3188547557	0.099	Acrisols	others	1	Subtropical evergreen broadleaved forest	Castanopsis sieboldii	3.490750257
S178	YNN	4.808	6.58054138	99.2820359	0	NA	4.45	43.7	4.62	34	26.7525	128.2180556	200	20.9	2550	1	Broadleaf	4130.08982	1091.059701	-1.435938107	-0.087324806	0.819717576	-0.68070806	0.102702703	0.161621622	13.28888889	0.774611399	0.635451505	0.364548495	4.68	2.75	0.09	30.55555556	1.196	0.76	1.544	0.625	7.4	12861272827	682366012	0.053	Acrisols	others	1	Subtropical evergreen broadleaved forest	Castanopsis sieboldii	4.536998972
S179	YNN	6.308	15.4019336	93.10827567	0	NA	2.91	37.41	0	NA	26.7525	128.2180556	200	20.9	2550	1	Broadleaf	5948.112792	1331.311111	-0.873143863	0.037926959	0.69854758	-0.215948827	0.034322917	0.036510417	5.007142857	0.438673342	0.940085592	0.059914408	5.1	3.37	0.14	24.07142857	0.701	0.659	1.598	0.742	19.2	30735933048	1053360189	0.034	Acrisols	others	1	Subtropical evergreen broadleaved forest	Castanopsis sieboldii	4.110483042
S18	SCC	18.683	38.73718145	77.277	2.61	91.13	5.92	46.05	18.31	34.69	43.3425	144.6341667	50	6.2	1170	0	Conifer	10063.50403	1755.223776	0.335579933	0.268571996	-0.460855493	-0.619926911	0.016124402	0.062121212	7.490384615	0.616492561	0.259563543	0.740436457	5.73	7.78	0.52	14.96153846	3.895	1.011	6.318	NA	62.7	1.55E+11	1993169136	0.013	Andosols	Andosols	3	Artificial coniferous forest (planted in 1959)	Larix kaempferi	2.103901396
S180	YNN	5.507	11.00292721	96.54403456	0	NA	3.17	53.51	0	NA	26.7525	128.2180556	200	20.9	2550	1	Broadleaf	5422.24375	1794.525424	-1.006705516	0.13888485	0.791687888	-0.215931628	0.002402597	0.059480519	15.26666667	0.496476965	0.040393013	0.959606987	4.99	2.21	0.06	36.83333333	0.916	0.037	1.845	0.419	15.4	27910276599	1365431871	0.049	Acrisols	others	1	Subtropical evergreen broadleaved forest	Castanopsis sieboldii	#N/A
S181	HZA	12.434	25.53415694	86.86126277	1.31	68.68	0.16	43.65	28.21	30.2	35.29111111	133.5780556	640	11.3	2160	0	Conifer	6217.333333	1502.166667	-0.506675087	-0.103862959	0.042118685	-0.272588593	0.002733333	0.004822222	0.707608696	1.479545455	0.566820276	0.433179724	4.9	18.34	0.92	19.93478261	0.651	0.369	0.44	2.505	135	2.39E+11	999985590	0.004	Andosols	Andosols	3	Artificial coniferous forest (year of plantation: unknown)	Chamaecyparis obtusa	#N/A
S182	HZA	14.242	36.35394469	81.99881999	3.27	84.28	0.09	47.05	7.32	43.79	35.29111111	133.5780556	640	11.3	2160	0	Conifer	5636.281471	1070.106383	-0.536377482	-0.041485037	0.085602034	-0.539164688	0.0025789	0.018530207	2.56875	0.790384615	0.139172749	0.860827251	5.09	16.38	0.8	20.475	2.055	0.286	2.6	1.798	110.9	1.84E+11	455717120	0.002	Andosols	Andosols	3	Artificial coniferous forest (year of plantation: unknown)	Chamaecyparis obtusa	#N/A
S183	HZA	14.242	36.89517723	80.29059128	2.63	74.38	0.02	64.43	7.72	33.57	35.29111111	133.5780556	640	11.3	2160	0	Conifer	7548.015091	1489.561224	-0.018794375	-0.022687568	0.059403213	-0.35950398	0.00270073	0.016047967	1.71	0.958878505	0.168291098	0.831708902	5.59	18.29	0.9	20.32222222	1.539	0.259	1.605	2.822	95.9	1.45E+11	330518533	0.002	Andosols	Andosols	3	Artificial coniferous forest (year of plantation: unknown)	Chamaecyparis obtusa	#N/A
S184	HZA	14.242	39.20676347	79.326	2.73	90.69	0.04	61.72	12.19	43.86	35.29111111	133.5780556	640	11.3	2160	0	Conifer	8440.891554	954.72	-0.034469621	0.127893529	0.074503682	-0.535946206	0.002521681	0.021087392	3.099019608	0.564464286	0.119582411	0.880417589	5.32	19.14	1.02	18.76470588	3.161	0.378	5.6	2.133	149.9	2.59E+11	920183240	0.004	Andosols	Andosols	3	Artificial coniferous forest (year of plantation: unknown)	Chamaecyparis obtusa	#N/A
S185	HZA	14.242	30.51243499	85.02044939	1.26	64.51	0.09	56.4	7.7	38.28	35.29111111	133.5780556	640	11.3	2160	0	Conifer	6413.665272	1247.333333	-0.531029227	0.159330757	0.099576901	-0.488764681	0.004648241	0.021231156	2.036144578	0.714285714	0.218934911	0.781065089	5.08	17.04	0.83	20.53012048	1.69	0.37	2.366	2.304	79.6	1.17E+11	1054096247	0.009	Andosols	Andosols	3	Artificial coniferous forest (year of plantation: unknown)	Chamaecyparis obtusa	#N/A
S186	HZB	12.434	25.65854245	87.96136116	0.29	85.54	3.45	73.18	15.29	29.6	35.29111111	133.5777778	650	11.3	2160	1	Broadleaf	5417.890957	1537.757282	-0.713239003	0.599244546	0.026751738	0.43262191	0.001508593	0.026607257	4.222222222	0.67769131	0.056698565	0.943301435	4.88	19.62	0.99	19.81818182	4.18	0.237	6.168	0.751	157.1	2.44E+11	1372331944	0.006	Andosols	Andosols	3	Cool temperate deciduous broadleaved forest	Quercus acutissima	#N/A
S187	HZB	14.242	31.80103003	83.41283413	0.41	71.83	2.79	39.42	10.33	19.7	35.29111111	133.5777778	650	11.3	2160	1	Broadleaf	5786.89782	1402.8875	-0.62003085	0.719159127	-0.002746903	0.589442112	0.001263631	0.01563823	2.157522124	0.535353535	0.080803938	0.919196062	4.88	20.86	1.13	18.46017699	2.438	0.197	4.554	0.151	155.9	2.48E+11	1257808679	0.005	Andosols	Andosols	3	Cool temperate deciduous broadleaved forest	Quercus acutissima	#N/A
S188	HZB	12.434	35.40730708	81.78836423	1.11	90	1.66	47.52	18.58	21.77	35.29111111	133.5777778	650	11.3	2160	1	Broadleaf	6416.702182	1218.645161	-0.584846274	0.683300477	0.032522813	0.516822018	0.002325937	0.029839327	3.823529412	0.545378269	0.077948718	0.922051282	4.83	19.23	1.02	18.85294118	3.9	0.304	7.151	0.012	130.7	2.46E+11	1031097010	0.004	Andosols	Andosols	3	Cool temperate deciduous broadleaved forest	Quercus acutissima	#N/A
S189	HZB	14.242	41.07860595	78.81821182	0.71	104.47	2.19	35.98	10.52	24.07	35.29111111	133.5777778	650	11.3	2160	1	Broadleaf	6832.785176	1355	-0.594781548	0.692450196	0.026481932	0.61842356	0.002753425	0.026315068	3.842	0.556730909	0.104633004	0.895366996	4.84	20.36	1	20.36	3.842	0.402	6.901	0.428	146	2.19E+11	1405662007	0.006	Andosols	Andosols	3	Cool temperate deciduous broadleaved forest	Quercus acutissima	#N/A
S19	SCC	16.312	28.28155404	85.77728445	1.17	98.39	3.89	59.79	16.64	24.91	43.3425	144.6341667	50	6.2	1170	0	Conifer	8974.256983	1457.91791	0.31218401	0.223771653	-0.472210552	-0.635337955	0.006091954	0.081816092	8.8975	0.661524164	0.074459118	0.925540882	5.75	6.25	0.4	15.625	3.559	0.265	5.38	0.083	43.5	1.07E+11	2242401564	0.021	Andosols	Andosols	3	Artificial coniferous forest (planted in 1959)	Larix kaempferi	1.240763297
S190	HZB	14.242	58.3075752	75.40616961	1.79	542.71	4.41	37.53	6.85	21.49	35.29111111	133.5777778	650	11.3	2160	1	Broadleaf	5767.152355	1534.946809	-0.574250794	0.670069356	0.036366905	0.574483775	0.000686854	0.039992614	5.308823529	0.559227512	0.017174515	0.982825485	4.78	19.57	1.02	19.18627451	5.415	0.093	9.683	0.756	135.4	2.44E+11	614915050	0.003	Andosols	Andosols	3	Cool temperate deciduous broadleaved forest	Quercus acutissima	#N/A
S191	TTA	3.2	7.378164339	97.7150457	2	140.75	0.6	61.71	8.66	53.94	33.33527778	132.9611111	330	13.3	2720	0	Conifer	6848.161483	1933.605714	0.173488274	0.473616674	0.455040576	0.598579975	0.020514905	0.023170732	2.25	0.353744311	0.885380117	0.114619883	5.62	4.91	0.38	12.92105263	0.855	0.757	2.417	0.017	36.9	53752356555	69800269	0.001	Cambisols	Cambisols	2	Artificial coniferous forest (planted in 1968)	Cryptomeria japonica	#N/A
S192	TTA	2.44	22.65527009	90.36848158	1.79	125.82	0.42	41.64	9.81	62.49	33.33527778	132.9611111	330	13.3	2720	0	Conifer	6916.231803	1587.985294	0.272347871	0.485720548	0.427354451	0.721539841	0.009337748	0.058300221	5.619148936	0.549864668	0.160166604	0.839833396	5.96	6.85	0.47	14.57446809	2.641	0.423	4.803	0.178	45.3	56444459651	631946616	0.011	Cambisols	Cambisols	2	Artificial coniferous forest (planted in 1968)	Cryptomeria japonica	#N/A
S193	TTA	4.198	8.508347161	97.35205296	2.71	36.25	0.07	36.25	13.55	52.66	33.33527778	132.9611111	330	13.3	2720	0	Conifer	7646.388292	1656.891753	0.207737472	0.551838528	0.467024259	0.569234837	0.015234742	0.038802817	4.591666667	0.514632628	0.39261948	0.60738052	5.79	5.11	0.36	14.19444444	1.653	0.649	3.212	NA	42.6	68023034138	178381913	0.003	Cambisols	Cambisols	2	Artificial coniferous forest (planted in 1968)	Cryptomeria japonica	#N/A
S194	TTA	3.665	9.002068176	96.76419415	0.73	93.44	0.09	22.06	8.35	48.52	33.33527778	132.9611111	330	13.3	2720	0	Conifer	8926.02	1261.761062	0.600304647	0.50900567	0.359333053	0.68968055	0.021836007	0.022317291	2.663829787	0.45214879	0.978434505	0.021565495	5.97	8.41	0.47	17.89361702	1.252	1.225	2.769	NA	56.1	82105486274	357203836	0.004	Cambisols	Cambisols	2	Artificial coniferous forest (planted in 1968)	Cryptomeria japonica	#N/A
S195	TTA	4.198	21.07614712	89.44121118	0.38	100.4	0.36	45.12	4.71	44.31	33.33527778	132.9611111	330	13.3	2720	0	Conifer	8410.703927	957.4431818	0.315283956	0.31940029	0.321581718	0.801242896	0.067648456	0.052850356	4.362745098	0.481705997	1.28	-0.28	5.65	7.47	0.51	14.64705882	2.225	2.848	4.619	NA	42.1	62086961762	341846169	0.006	Cambisols	Cambisols	2	Artificial coniferous forest (planted in 1968)	Cryptomeria japonica	#N/A
S196	TTB	3.665	15.50050693	91.60025199	0.6	51.64	0.53	40.7	2.96	29.63	33.33861111	132.9638889	650	13.3	2720	0	Conifer	7726.914894	1083.246154	0.092618323	-0.735893569	0.242616159	0.934677911	0.018700173	0.027365685	2.924074074	0.543920083	0.683343889	0.316656111	5.72	7.79	0.54	14.42592593	1.579	1.079	2.903	NA	57.7	86175414761	514425373	0.006	Cambisols	Cambisols	2	Warm temperate evergreen coniferous forest	Abies firma	#N/A
S197	TTB	4.198	15.96407436	92.25215496	0.42	63.1	0.35	37.33	1.38	39.56	33.33861111	132.9638889	650	13.3	2720	0	Conifer	7180.518672	1080.232877	0.012266679	-0.914111781	0.364058432	0.745472937	0.014492754	0.010845411	1.151282051	0.17518533	1.336302895	-0.336302895	5.71	5.49	0.39	14.07692308	0.449	0.6	2.563	0.135	41.4	59285518979	199783334	0.003	Cambisols	Cambisols	2	Warm temperate evergreen coniferous forest	Abies firma	#N/A
S198	TTB	4.808	68.75401276	83.04616954	0.07	75.79	0.63	33.22	4.22	34.94	33.33861111	132.9638889	650	13.3	2720	0	Conifer	9031.719927	743.1639344	0.132725893	-1.022765294	0.341463232	0.855993778	0.01637883	0.024122563	2.220512821	0.421001458	0.678983834	0.321016166	5.45	5.89	0.39	15.1025641	0.866	0.588	2.057	0.417	35.9	53575758750	154450510	0.003	Cambisols	Cambisols	2	Warm temperate evergreen coniferous forest	Abies firma	#N/A
S199	TTB	3.665	17.34351815	91.24426267	0.09	47.05	0.31	35.67	2.71	30.8	33.33861111	132.9638889	650	13.3	2720	0	Conifer	8610.252874	774.0714286	0.531284303	-0.802811034	0.373840153	0.884273592	0.012909968	0.043022508	5.049056604	0.964324324	0.300074738	0.699925262	5.74	6.77	0.53	12.77358491	2.676	0.803	2.775	0.442	62.2	84462339936	276804742	0.003	Cambisols	Cambisols	2	Warm temperate evergreen coniferous forest	Abies firma	#N/A
S2	URA	5.507	9.118955188	98.48403032	1.93	106.64	3.09	74.91	17.42	28.62	44.36722222	142.2466667	300	4.4	1150	0	Conifer	3893.706827	739.25	-0.537785996	0.054336592	-0.6940884	-0.873785723	0	0.077823691	6.569767442	0.519301471	0	1	4.99	5.85	0.43	13.60465116	2.825	NA	5.44	NA	36.3	42289535585	416105756	0.01	Cambisols	Cambisols	2	Artificial coniferous forest (planted in 1956)	Abies sachalinensis	2.610166039
S20	SCC	18.683	30.87346895	82.88082881	0.91	90.08	4.48	40.91	12.97	27.28	43.3425	144.6341667	50	6.2	1170	0	Conifer	9701.599467	1815.448052	0.313221486	0.269626372	-0.484303764	-0.579666503	0.002722323	0.075154265	10.3525	0.591909663	0.036223135	0.963776865	5.62	6.03	0.4	15.075	4.141	0.15	6.996	NA	55.1	1.22E+11	2168684684	0.018	Andosols	Andosols	3	Artificial coniferous forest (planted in 1959)	Larix kaempferi	1.948233861
S200	TTB	4.198	16.32750439	92.27130915	0.36	69.34	0.84	39.84	1.16	35.97	33.33861111	132.9638889	650	13.3	2720	0	Conifer	8747.489362	858.9148936	0.174628051	-0.866654522	0.377910316	0.909427674	0.016989529	0.002198953	0.247058824	0.044048243	7.726190476	-6.726190476	5.74	4.65	0.34	13.67647059	0.084	0.649	1.907	0.053	38.2	58250567454	114884628	0.002	Cambisols	Cambisols	2	Warm temperate evergreen coniferous forest	Abies firma	#N/A
S21	ARB	32.155	128.5040939	57.72884542	0.25	63.64	4	28.79	5.23	24.18	43.32361111	143.5069444	330	6.4	820	1	Broadleaf	9248.209797	1439.899281	0.329912519	0.247512832	-0.286674641	-0.395800404	0.020439189	0.034391892	4.362857143	0.631122133	0.594302554	0.405697446	6	10.82	0.7	15.45714286	3.054	1.815	4.839	0.911	88.8	1.91E+11	3046954128	0.016	Andosols	Andosols	3	Cool temperate deciduous broadleaved forest	Tilia maximowicziana	2.926963431
S22	ARB	28.073	99.44442197	60.0299985	0.77	55.83	3.43	28.64	8.7	22.88	43.32361111	143.5069444	330	6.4	820	1	Broadleaf	9904.399027	1425.525424	0.660658473	0.412319098	-0.396507437	-0.442155798	0.019251012	0.081862348	10.92972973	0.888205579	0.235163205	0.764836795	6.4	5.52	0.37	14.91891892	4.044	0.951	4.553	0.975	49.4	1.06E+11	2856174125	0.027	Andosols	Andosols	3	Cool temperate deciduous broadleaved forest	Tilia maximowicziana	2.680452277
S23	ARB	28.073	153.5934998	58.93864245	0.5	54.3	2.84	26.43	4.23	28.33	43.32361111	143.5069444	330	6.4	820	1	Broadleaf	10998.2404	1583.568345	0.608867838	0.393201489	-0.334414729	-0.376194666	0.01708	0.07916	6.48852459	0.732284921	0.215765538	0.784234462	6.32	8.98	0.61	14.72131148	3.958	0.854	5.405	0.507	50	1.06E+11	3373161145	0.032	Andosols	Andosols	3	Cool temperate deciduous broadleaved forest	Tilia maximowicziana	2.40440053
S24	ARB	42.183	113.4761652	53.26240213	0.19	62.07	3.15	35.12	5.27	24.15	43.32361111	143.5069444	330	6.4	820	1	Broadleaf	9382.417582	1218.227723	0.761686454	0.617070574	-0.376117279	-0.474246202	0.01083004	0.052233202	5.623404255	0.541931515	0.207340144	0.792659856	6.64	7.01	0.47	14.91489362	2.643	0.548	4.877	NA	50.6	94843513465	844126193	0.009	Andosols	Andosols	3	Cool temperate deciduous broadleaved forest	Tilia maximowicziana	2.567397483
S25	ARB	18.683	43.74178636	76.46223538	0.6	62.46	3.63	26.7	5.26	22.86	43.32361111	143.5069444	330	6.4	820	1	Broadleaf	9868.892707	1711.698529	1.035697957	0.662018302	-0.275910847	-0.379373725	0.018100304	0.054346505	6.385714286	0.570334928	0.333053691	0.666946309	6.67	7.38	0.56	13.17857143	3.576	1.191	6.27	0.375	65.8	1.64E+11	1799108841	0.011	Andosols	Andosols	3	Cool temperate deciduous broadleaved forest	Tilia maximowicziana	1.571660577
S26	ARC	28.073	120.1684644	63.57872843	1.16	133.46	5.27	36.54	12.23	31.51	43.32305556	143.5172222	270	6.4	820	0	Conifer	8986.058065	1236.065421	0.263515769	0.059124283	-0.370079594	-0.391182141	0.014876033	0.032892562	7.96	0.657127133	0.452261307	0.547738693	6.03	3.49	0.15	23.26666667	1.194	0.54	1.817	0.151	36.3	79732981822	1002569586	0.013	Andosols	Andosols	3	Artificial coniferous forest (year of plantation: unknown)	Larix kaempferi	4.442446043
S27	ARC	28.073	124.2808825	59.63140369	1.54	91.34	4.55	34.04	9.58	29.04	43.32305556	143.5172222	270	6.4	820	0	Conifer	9899.177336	1501.147059	0.538497871	0.338210589	-0.350587393	-0.356999449	0.004644068	0.033457627	4.935	0.380346821	0.138804458	0.861195542	6.19	6.76	0.4	16.9	1.974	0.274	5.19	NA	59	1.35E+11	1620181477	0.012	Andosols	Andosols	3	Artificial coniferous forest (year of plantation: unknown)	Larix kaempferi	3.972089233
S28	ARC	32.155	87.59141905	57.64842352	0.84	101.32	3.67	34.05	12.33	31.84	43.32305556	143.5172222	270	6.4	820	0	Conifer	8915.677419	1281.777778	0.225594037	0.065963737	-0.291856263	-0.443636396	0.008211382	0.039634146	6.724137931	0.796568627	0.207179487	0.792820513	5.92	5.37	0.29	18.51724138	1.95	0.404	2.448	0.276	49.2	1.14E+11	2863831921	0.025	Andosols	Andosols	3	Artificial coniferous forest (year of plantation: unknown)	Larix kaempferi	3.516756647
S29	ARC	16.312	35.59259972	79.33982641	0.98	100.94	5.24	38.5	8.61	28.7	43.32305556	143.5172222	270	6.4	820	0	Conifer	8929.47822	1353.328859	0.522034915	0.280660046	-0.408008144	-0.505113134	0.003584906	0.054528302	7.225	0.673659674	0.065743945	0.934256055	6.48	3.87	0.2	19.35	1.445	0.095	2.145	NA	26.5	67385010915	1531896898	0.023	Andosols	Andosols	3	Artificial coniferous forest (year of plantation: unknown)	Larix kaempferi	5.055217215
S3	URA	7.225	15.57135617	92.81928723	0.54	73.02	3.46	73.64	7.15	39.49	44.36722222	142.2466667	300	4.4	1150	0	Conifer	4666.497099	1066.213483	-0.497936229	0.105673702	-0.72962366	-0.775055684	0	0.032457143	5.163636364	1.129786176	0	1	5	6.28	0.44	14.27272727	2.272	NA	2.011	NA	70	1.05E+11	3111251045	0.03	Cambisols	Cambisols	2	Artificial coniferous forest (planted in 1956)	Abies sachalinensis	2.127330142
S30	ARC	24.51	51.07748512	68.35158242	1.14	131.73	5.79	34.6	9.54	29.91	43.32305556	143.5172222	270	6.4	820	0	Conifer	9227.966411	1496.5	0.308238099	0.146692986	-0.29043856	-0.367437357	0.006629834	0.04092081	9.258333333	0.777738887	0.162016202	0.837983798	6.01	4.84	0.24	20.16666667	2.222	0.36	2.857	NA	54.3	1.15E+11	4606296673	0.04	Andosols	Andosols	3	Artificial coniferous forest (year of plantation: unknown)	Larix kaempferi	3.404790905
S4	URA	5.507	10.67518905	96.95715214	1.05	73.66	2.78	59.69	16.37	35.48	44.36722222	142.2466667	300	4.4	1150	0	Conifer	4040.506466	879.7894737	-0.396953352	0.199793198	-0.754829541	-0.816945934	0.01506422	0.050201835	5.947826087	1.27255814	0.300073099	0.699926901	5.05	6.3	0.46	13.69565217	2.736	0.821	2.15	0.08	54.5	68422589811	2929653389	0.043	Cambisols	Cambisols	2	Artificial coniferous forest (planted in 1956)	Abies sachalinensis	2.251725538
S41	APN	48.315	155.1746313	50.61949381	3.11	46.14	0.29	33.49	6.9	22.3	40.00138889	140.9366667	890	9.5	1140	1	Broadleaf	5486.844011	728.2586207	-0.665173526	-0.640932966	-0.271683925	-0.527835316	0.005705676	0.059834254	13.09120879	0.796270303	0.095358012	0.904641988	4.82	14.69	0.91	16.14285714	11.913	1.136	14.961	0.93	199.1	2.27E+11	5841766396	0.026	Andosols	Andosols	3	Cool temperate deciduous broadleaved forest	Fagus crenata	#N/A
S42	APN	83.152	210.7087954	46.12115515	1.99	66.69	0.18	25.23	6.67	23.47	40.00138889	140.9366667	890	9.5	1140	1	Broadleaf	5759.813433	924.7391304	-0.646625845	-0.45013543	-0.266295922	-0.517814311	0.007593985	0.077562327	15.43307087	0.810687844	0.097908163	0.902091837	4	19.94	1.27	15.7007874	19.6	1.919	24.177	NA	252.7	4.40E+11	10871676267	0.025	Andosols	Andosols	3	Cool temperate deciduous broadleaved forest	Fagus crenata	#N/A
S43	APN	95.239	205.2202737	45.62054379	2.74	45.62	0.16	27.04	5.29	22.97	40.00138889	140.9366667	890	9.5	1140	1	Broadleaf	6029.894988	843.6923077	-0.623421563	-0.628092665	-0.287990102	-0.637479219	0.012453766	0.056337393	14.03370787	0.759917255	0.221056845	0.778943155	4.35	14.04	0.89	15.7752809	12.49	2.761	16.436	4.224	221.7	4.57E+11	23819610523	0.052	Andosols	Andosols	3	Cool temperate deciduous broadleaved forest	Fagus crenata	#N/A
S44	APN	72.598	209.363401	46.14307714	0.88	56.04	0.06	25.14	6.76	21.57	40.00138889	140.9366667	890	9.5	1140	1	Broadleaf	5611.732523	690.4736842	-0.618004805	-0.554670652	-0.331108608	-0.594981115	0.019263914	0.054320766	12.43424658	0.716925993	0.354632588	0.645367412	4.35	12.94	0.73	17.7260274	9.077	3.219	12.661	0.823	167.1	3.13E+11	10709667830	0.034	Andosols	Andosols	3	Cool temperate deciduous broadleaved forest	Fagus crenata	#N/A
S45	APN	63.383	248.6782917	48.94155292	2.42	66.16	0.23	27.38	5.88	23.33	40.00138889	140.9366667	890	9.5	1140	1	Broadleaf	5140.31563	754.8589744	-0.820304318	-0.662751802	-0.327823236	-0.616270957	0.04786036	0.078631757	14.39690722	0.846928255	0.608664518	0.391335482	4.22	15.15	0.97	15.6185567	13.965	8.5	16.489	6.628	177.6	3.29E+11	10990019183	0.033	Andosols	Andosols	3	Cool temperate deciduous broadleaved forest	Fagus crenata	#N/A
S46	MRB	9.478	27.74824027	85.41458342	1.88	79.11	0.06	22.2	13.13	28.04	39.77027778	141.1402778	270	10.6	1330	1	Broadleaf	7618.778356	1077.835294	0.539313046	0.35206138	-0.110058635	-0.118443489	0.152778793	0.127330896	7.180412371	0.702825429	1.199856425	-0.199856425	5.32	14.21	0.97	14.64948454	6.965	8.357	9.91	1.359	54.7	1.16E+11	3225264867	0.028	Andosols	Andosols	3	Cool temperate deciduous broadleaved forest	Fagus crenata	#N/A
S47	MRB	9.478	30.89578072	84.91545254	1.35	66.78	0.07	18.66	9.96	26.75	39.77027778	141.1402778	270	10.6	1330	1	Broadleaf	7052.772679	1109.462366	0.39230045	0.412786889	-0.238162648	-0.106367527	0.012770449	0.181873351	7.492391304	0.630188334	0.070216161	0.929783839	5.52	13.69	0.92	14.88043478	6.893	0.484	10.938	NA	37.9	1.04E+11	1730488800	0.017	Andosols	Andosols	3	Cool temperate deciduous broadleaved forest	Fagus crenata	#N/A
S48	MRB	9.478	22.11424638	90.01439942	2.46	76.12	0.08	19.78	9.56	25.78	39.77027778	141.1402778	270	10.6	1330	1	Broadleaf	6949.22315	750.1578947	0.497872929	0.752559316	-0.077802796	-0.221417755	0.015359343	0.171457906	8.18627451	0.694213502	0.089580838	0.910419162	5.61	14.72	1.02	14.43137255	8.35	0.748	12.028	0.037	48.7	1.30E+11	671962064	0.005	Andosols	Andosols	3	Cool temperate deciduous broadleaved forest	Fagus crenata	#N/A
S49	MRB	12.434	37.35776861	79.96680133	4.81	68.05	0.09	21.08	8.07	27.43	39.77027778	141.1402778	270	10.6	1330	1	Broadleaf	6909.267857	1199	0.664962453	0.595073353	-0.218430783	-0.134818648	0	0.067316514	3.155913978	0.583615033	0	1	5.35	13.58	0.93	14.60215054	2.935	NA	5.029	NA	43.6	94487152105	2019133797	0.021	Andosols	Andosols	3	Cool temperate deciduous broadleaved forest	Fagus crenata	#N/A
S5	URA	5.507	10.72413592	97.33405332	5.23	113.99	2.91	63.54	14.68	39.93	44.36722222	142.2466667	300	4.4	1150	0	Conifer	4170.036876	983.01	-0.520999077	0.134714017	-0.753038101	-0.784712399	0	0.036025105	3.5875	0.641579732	0	1	4.98	6.84	0.48	14.25	1.722	NA	2.684	0.141	47.8	64587764114	2830228645	0.044	Cambisols	Cambisols	2	Artificial coniferous forest (planted in 1956)	Abies sachalinensis	2.279131141
S50	MRB	10.856	53.46170482	78.41835255	3.67	76.04	0.15	17.98	8.84	28.43	39.77027778	141.1402778	270	10.6	1330	1	Broadleaf	8551.820204	1252.181818	0.457604634	0.422902602	-0.033489047	-0.19306602	0.006749025	0.075123537	5.777	0.70007271	0.089839017	0.910160983	5.38	14.55	1	14.55	5.777	0.519	8.252	0.678	76.9	2.09E+11	5775207734	0.028	Andosols	Andosols	3	Cool temperate deciduous broadleaved forest	Fagus crenata	#N/A
S51	AKA	8.275	28.34840945	83.25233495	3.3	204.35	4.48	100.37	13.71	49.67	39.85583333	140.1763889	80	11.2	1680	0	Conifer	6675.533824	1164.473684	-0.203985642	-0.201360778	0.332147552	0.258873505	0.000125523	0.182552301	13.22121212	0.734017497	0.0006876	0.9993124	5.31	5.74	0.33	17.39393939	4.363	0.003	5.944	NA	23.9	43140693944	2966469015	0.069	Cambisols	Cambisols	2	Artificial coniferous forest (year of plantation: unknown)	Cryptomeria japonica	3.379240094
S52	AKA	10.856	38.03448511	76.171	0.99	143.89	5.74	96.64	24.13	47.47	39.85583333	140.1763889	80	11.2	1680	0	Conifer	6754.486486	1314.411348	-0.054393698	-0.154100499	0.349985409	0.324042761	0.000314286	0.269085714	27.7	0.877153767	0.001167976	0.998832024	5.37	6.01	0.34	17.67647059	9.418	0.011	10.737	0.071	35	58933116878	2233478228	0.038	Cambisols	Cambisols	2	Artificial coniferous forest (year of plantation: unknown)	Cryptomeria japonica	4.745237853
S53	AKA	8.275	26.08365335	85.8525659	1.94	348.87	4.92	124.57	23.63	55.1	39.85583333	140.1763889	80	11.2	1680	0	Conifer	8550.657118	1522.333333	0.752678885	0.2643003	0.370348842	0.283168076	0	0.196129518	27.70851064	0.966312978	0	1	6.43	8.1	0.47	17.23404255	13.023	NA	13.477	NA	66.4	1.14E+11	2744846035	0.024	Cambisols	Cambisols	2	Artificial coniferous forest (year of plantation: unknown)	Cryptomeria japonica	2.882143221
S54	AKA	12.434	32.37394008	79.87080517	5.02	367.57	2.74	110.03	15.36	46.55	39.85583333	140.1763889	80	11.2	1680	0	Conifer	6184.982036	1029.808696	-0.305566977	-0.272868109	0.244920865	0.336283817	0.000836237	0.233797909	14.91111111	0.71193634	0.003576751	0.996423249	5.44	7.57	0.45	16.82222222	6.71	0.024	9.425	NA	28.7	66191955580	5309850668	0.08	Cambisols	Cambisols	2	Artificial coniferous forest (year of plantation: unknown)	Cryptomeria japonica	3.566179456
S55	AKA	12.434	32.1756503	80.08780088	5.37	351.35	3.29	138.48	24.45	48.71	39.85583333	140.1763889	80	11.2	1680	0	Conifer	8184.041885	1432.310345	0.218563067	-0.03526025	0.363675271	0.414336226	0.003378378	0.128033033	18.53695652	0.888599416	0.026386771	0.973613229	5.58	7.9	0.46	17.17391304	8.527	0.225	9.596	0.1	66.6	1.31E+11	3180273442	0.024	Cambisols	Cambisols	2	Artificial coniferous forest (year of plantation: unknown)	Cryptomeria japonica	4.084855867
S56	SGA	6.308	22.58821458	90.30029099	2.13	124.88	0.8	61.37	13.93	39.01	37.70944444	139.2597222	400	13.1	2330	0	Conifer	7659.959108	1751.75	-0.410302822	-0.172158436	0.057321741	0.07143006	0.014623032	0.024440762	5.673076923	0.739348371	0.598305085	0.401694915	4.57	9.78	0.52	18.80769231	2.95	1.765	3.99	1.394	120.7	1.94E+11	1815642891	0.009	Cambisols	Cambisols	2	Artificial coniferous forest (planted in 1963)	Cryptomeria japonica	4.246528477
S57	SGA	5.507	33.43726955	87.81685282	1.87	160.19	0.48	68.01	16.84	42.08	37.70944444	139.2597222	400	13.1	2330	0	Conifer	7430.128289	1884.428571	-0.156047123	-0.063164145	0.226300103	0.170021698	0.091299639	0.115162455	11.81481481	1.657142857	0.792789969	0.207210031	4.59	10.06	0.54	18.62962963	6.38	5.058	3.85	3.811	55.4	1.01E+11	1425486788	0.014	Cambisols	Cambisols	2	Artificial coniferous forest (planted in 1963)	Cryptomeria japonica	2.846850473
S58	SGA	7.225	14.62725899	94.08629569	2	142.47	1.32	61.46	12.61	36.64	37.70944444	139.2597222	400	13.1	2330	0	Conifer	6377.968894	1413.449541	-0.646733575	-0.311002811	0.104568995	0.111903695	0.025157791	0.044861933	5.547560976	0.842251435	0.56078259	0.43921741	4.68	15.47	0.82	18.86585366	4.549	2.551	5.401	NA	101.4	1.84E+11	2373385535	0.013	Cambisols	Cambisols	2	Artificial coniferous forest (planted in 1963)	Cryptomeria japonica	1.823505736
S59	SGA	5.507	9.694737426	97.60811959	3.8	55.58	0.45	59.55	21.49	50.56	37.70944444	139.2597222	400	13.1	2330	0	Conifer	7023.444693	1425.616071	-0.465012256	-0.242919975	0.069697954	0.108786322	0.014488249	0.031531463	4.78045977	0.576118576	0.459485453	0.540514547	4.47	14.59	0.87	16.77011494	4.159	1.911	7.219	0.104	131.9	1.88E+11	3697430099	0.02	Cambisols	Cambisols	2	Artificial coniferous forest (planted in 1963)	Cryptomeria japonica	2.644856009
S6	URN	7.225	14.00675083	95.17904821	0.68	84.01	1.99	30.72	19.46	30.11	44.35583333	142.2580556	300	4.4	1150	0	Conifer	5364.61794	1419.520833	-0.774417555	-0.296781805	-0.469945706	-0.540989683	0.007673469	0.046020408	5.5	0.84141791	0.166740576	0.833259424	4.5	6.93	0.41	16.90243902	2.255	0.376	2.68	NA	49	80454155778	6102031594	0.076	Cambisols	Cambisols	2	Cool temperate mixed forest	Abies sachalinensis	3.486818273
S60	SGA	5.507	12.70047527	95.49804502	0	NA	0.16	49.03	14.29	53.07	37.70944444	139.2597222	400	13.1	2330	0	Conifer	7120.806742	1470.77686	-0.210604782	-0.05974913	0.053270279	0.130972667	0.01947234	0.037812766	6.533823529	0.528236833	0.514967364	0.485032636	4.68	12.61	0.68	18.54411765	4.443	2.288	8.411	0.356	117.5	2.31E+11	2844554543	0.012	Cambisols	Cambisols	2	Artificial coniferous forest (planted in 1963)	Cryptomeria japonica	2.501373766
S61	SGN	9.478	18.34892443	92.99249053	2.63	70.76	0.17	43.3	13.34	22.66	37.70722222	139.2644444	460	13.1	2330	1	Broadleaf	4204.796875	872.6	-1.276379993	-0.986733279	-0.026825823	-0.104329909	0.000218855	0.043888889	3.833823529	1.158151932	0.004986575	0.995013425	4.1	15.17	0.68	22.30882353	2.607	0.013	2.251	NA	59.4	1.34E+11	32012360350	0.239	Cambisols	Cambisols	2	Cool temperate deciduous broadleaved forest	Fagus crenata	2.849869189
S62	SGN	8.275	16.82128762	92.85421437	0.66	68.84	0.15	38.4	14.79	24.47	37.70722222	139.2644444	460	13.1	2330	1	Broadleaf	5260.338485	761.25	-1.072307688	-1.004619337	-0.035930311	-0.141695534	2.51E-05	0.035964912	5.314814815	1.736237145	0.000696864	0.999303136	4.2	11.74	0.54	21.74074074	2.87	0.002	1.653	0.305	79.8	1.75E+11	14078905721	0.08	Cambisols	Cambisols	2	Cool temperate deciduous broadleaved forest	Fagus crenata	4.44173878
S63	SGN	6.308	10.78993882	97.398	0.29	79.21	0.02	41.83	30.36	27.86	37.70722222	139.2644444	460	13.1	2330	1	Broadleaf	3924.288793	769.0508475	-1.276079231	-1.008581279	-0.083282211	-0.105077576	0	0.010274463	1.5375	1.513181019	0	1	3.93	13.37	0.56	23.875	0.861	NA	0.569	NA	83.8	1.49E+11	22960387456	0.154	Cambisols	Cambisols	2	Cool temperate deciduous broadleaved forest	Fagus crenata	3.716240692
S64	SGN	7.225	16.30470398	93.58206418	1.64	70.27	0.18	38.48	19.55	24.57	37.70722222	139.2644444	460	13.1	2330	1	Broadleaf	4822.106383	681.5142857	-1.032125157	-0.970410914	0.009562352	-0.049809463	0	0.048874644	4.036470588	0.842997543	0	1	3.67	17.58	0.85	20.68235294	3.431	NA	4.07	0.337	70.2	1.08E+11	7862085365	0.072	Cambisols	Cambisols	2	Cool temperate deciduous broadleaved forest	Fagus crenata	2.116649538
S65	SGN	5.507	8.176308584	98.99802004	0.44	64.82	0.05	42.18	17.64	28.53	37.70722222	139.2644444	460	13.1	2330	1	Broadleaf	4318.590822	831.8	-1.031450133	-0.825312541	-0.02364045	-0.084586002	0.002177264	0.042601156	5.669230769	1.360615385	0.051108096	0.948891904	4.14	8.89	0.39	22.79487179	2.211	0.113	1.625	0.039	51.9	80742542009	3711722037	0.046	Cambisols	Cambisols	2	Cool temperate deciduous broadleaved forest	Fagus crenata	3.352004111
S66	KTA	8.275	24.73397172	87.5467472	2.27	148.51	0.05	39.33	7.22	75.27	36.52555556	140.3105556	240	12.9	1380	0	Conifer	8448.63981	1700.042945	0.267786852	0.068677757	0.099886404	0.202002472	0.033686131	0.127481752	7.431914894	0.578886311	0.264242771	0.735757229	5.61	8.31	0.47	17.68085106	3.493	0.923	6.034	0.36	27.4	67302495226	948791067	0.014	Andosols	Andosols	3	Artificial coniferous forest (planted in 1965)	Cryptomeria japonica	2.465826078
S67	KTA	10.856	34.35755331	81.23331367	2.14	46.58	0.08	43.88	8.98	54.76	36.52555556	140.3105556	240	12.9	1380	0	Conifer	8104.494903	1370.3125	0.352537022	0.049639017	0.267505638	0.177641464	0.076595745	0.143659574	6.138181818	0.503504847	0.533175355	0.466824645	5.63	10.03	0.55	18.23636364	3.376	1.8	6.705	0.42	23.5	40008822388	935316921	0.023	Andosols	Andosols	3	Artificial coniferous forest (planted in 1965)	Cryptomeria japonica	1.846392475
S68	KTA	7.225	24.94165538	86.41354346	1.34	362.69	0.02	47.69	3.65	44.17	36.52555556	140.3105556	240	12.9	1380	0	Conifer	10090.96857	1738.484472	0.620371225	0.228294217	0.136642778	0.275434394	0.047557252	0.095038168	6.669642857	0.538029386	0.500401606	0.499598394	5.78	9.48	0.56	16.92857143	3.735	1.869	6.942	0.69	39.3	89526896595	969809997	0.011	Andosols	Andosols	3	Artificial coniferous forest (planted in 1965)	Cryptomeria japonica	2.767036926
S69	KTA	12.434	47.68651086	74.67401304	0.65	285.94	0	NA	5.64	46.35	36.52555556	140.3105556	240	12.9	1380	0	Conifer	9218.913043	1553.64539	0.736155162	0.292074894	0.13324266	0.255103535	0.115853659	0.420162602	9.938461538	0.662394258	0.275735294	0.724264706	6.04	8.58	0.52	16.5	5.168	1.425	7.802	1.249	12.3	29475546845	225801718	0.008	Andosols	Andosols	3	Artificial coniferous forest (planted in 1965)	Cryptomeria japonica	3
S7	URN	7.225	16.51943657	93.06720798	2.89	48.91	2.26	29.6	12.83	31.8	44.35583333	142.2580556	300	4.4	1150	0	Conifer	4759.780534	743.2592593	-0.73997523	-0.473946024	-0.523291991	-0.73837632	0.008830228	0.025641822	4.345614035	1.722531293	0.344368187	0.655631813	4.68	8.99	0.57	15.77192982	2.477	0.853	1.438	NA	96.6	1.60E+11	7873548518	0.049	Cambisols	Cambisols	2	Cool temperate mixed forest	Abies sachalinensis	2.661702556
S70	KTA	9.478	32.83988452	80.00360007	1.94	321.97	0.08	29.57	6.32	62.05	36.52555556	140.3105556	240	12.9	1380	0	Conifer	9910.005613	1879.007407	0.973791797	0.44784898	0.192162651	0.32664173	0.033423019	0.093766816	9.362686567	0.741752394	0.35644827	0.64355173	6.12	11.51	0.67	17.17910448	6.273	2.236	8.457	1.643	66.9	1.53E+11	990068265	0.006	Andosols	Andosols	3	Artificial coniferous forest (planted in 1965)	Cryptomeria japonica	1.977307418
S71	KTB	10.856	44.49673435	78.60242795	1.07	176.44	1.39	75.43	5.36	35.55	36.52555556	140.3105556	240	12.9	1380	1	Broadleaf	4072.909091	734.4660194	-0.610249336	-0.460696184	0.459705071	0.251758102	0.013772727	0.071863636	2.679661017	0.619028974	0.191650854	0.808349146	5.32	12.1	0.59	20.50847458	1.581	0.303	2.554	2.649	22	41280550746	17554638393	0.425	Andosols	Andosols	3	Cool temperate deciduous broadleaved forest	Quercus serrata	2.501851296
S72	KTB	16.312	40.47799317	72.34927651	0.29	75.09	1.23	40	5.33	30.36	36.52555556	140.3105556	240	12.9	1380	1	Broadleaf	5504.094017	1162.581967	-0.545977821	-0.346559173	0.246370496	0.168636324	0.004344262	0.258688525	7.013333333	0.658735128	0.016793409	0.983206591	5.23	9.31	0.45	20.68888889	3.156	0.053	4.791	0.281	12.2	26088115794	961258646	0.037	Andosols	Andosols	3	Cool temperate deciduous broadleaved forest	Quercus serrata	3.22535775
S73	KTB	12.434	41.75274809	75.6849726	1.24	106.37	0.99	53.86	5.43	40.76	36.52555556	140.3105556	240	12.9	1380	1	Broadleaf	6921.6375	1267.322314	-0.03209953	-0.156339231	0.172182842	0.178890305	0.001105769	0.115576923	4.623076923	0.543031398	0.009567388	0.990432612	5.55	10.04	0.52	19.30769231	2.404	0.023	4.427	0.146	20.8	44084355284	1584279377	0.036	Andosols	Andosols	3	Cool temperate deciduous broadleaved forest	Quercus serrata	3.36745722
S74	KTB	18.683	88.75882361	66.31267375	0.06	98.15	1.51	45.02	3.38	35.68	36.52555556	140.3105556	240	12.9	1380	1	Broadleaf	7761.75	1698.90184	0.200843708	-0.045012109	0.228507307	0.205275874	0.001299304	0	0	0	0	0	5.81	10.03	0.54	18.57407407	NA	0.056	12.676	0.037	43.1	87443758682	2179227417	0.025	Andosols	Andosols	3	Cool temperate deciduous broadleaved forest	Quercus serrata	1.944744072
S75	KTB	9.478	25.83220175	84.89830203	1.11	90.09	1.02	63.92	7.97	52.38	36.52555556	140.3105556	240	12.9	1380	1	Broadleaf	8489.686747	1767.565217	0.314739381	0.023972439	0.112693045	0.133913365	0.01975	0.1959375	5.5	0.621900417	0.100797448	0.899202552	5.86	10.94	0.57	19.19298246	3.135	0.316	5.041	NA	16	30074755699	537245537	0.018	Andosols	Andosols	3	Cool temperate deciduous broadleaved forest	Quercus serrata	2.677419355
S76	KSN	16.312	30.96513187	84.84430311	0	NA	0	25.79	3.99	44.81	36.54583333	139.4211111	980	9	1710	1	Broadleaf	5567.132075	1314.284404	-0.76171026	-0.475842326	-0.174753116	-0.19725264	0.003095697	0.024637123	4.917948718	1.637217243	0.125651721	0.874348279	4.99	15.05	0.78	19.29487179	3.836	0.482	2.343	0.096	155.7	2.69E+11	6778510992	0.025	Andosols	Andosols	3	Cool temperate deciduous broadleaved forest	Quercus crispula	3.084322801
S77	KSN	18.683	34.31380139	81.65418346	0.1	85.83	0	NA	5.88	31.64	36.54583333	139.4211111	980	9	1710	1	Broadleaf	5440.141079	1187.552632	-0.793482297	-0.401927989	-0.206335236	-0.17295719	0.002876893	0.0079921	2.47755102	0.989405053	0.359967051	0.640032949	4.93	9.32	0.49	19.02040816	1.214	0.437	1.227	0.673	151.9	3.35E+11	3242812498	0.01	Andosols	Andosols	3	Cool temperate deciduous broadleaved forest	Quercus crispula	1.811430871
S78	KSN	14.242	38.46932168	79.0580471	0.54	81.03	0.1	35.17	14.86	24.61	36.54583333	139.4211111	980	9	1710	1	Broadleaf	7755.703381	1507.694915	-0.27404231	-0.213015071	-0.223566903	-0.16961047	0.011627907	0.022674419	4	4.859813084	0.512820513	0.487179487	5.15	13.79	0.78	17.67948718	3.12	1.6	0.642	2.623	137.6	3.32E+11	10458283126	0.032	Andosols	Andosols	3	Cool temperate deciduous broadleaved forest	Quercus crispula	2.730126786
S79	KSN	24.51	112.7779751	63.10447582	0.66	73.38	0.27	34.54	25.99	28.18	36.54583333	139.4211111	980	9	1710	1	Broadleaf	7088.601537	1816.118644	-0.418757694	-0.26593071	-0.144210138	-0.118196452	0.01349277	0.032647386	4.891666667	1.481574962	0.413287905	0.586712095	5	10.35	0.6	17.25	2.935	1.213	1.981	NA	89.9	1.04E+11	4620807296	0.044	Andosols	Andosols	3	Cool temperate deciduous broadleaved forest	Quercus crispula	3.624357657
S8	URN	6.308	10.97019191	98.301	0.6	65.43	1.98	28.28	5.08	25.5	44.35583333	142.2580556	300	4.4	1150	0	Conifer	3149.532787	703.1111111	-1.31445159	-0.661050932	-0.593072788	-0.757860137	0	0.091022222	5.535135135	2.452694611	0	1	4.6	6.09	0.37	16.45945946	2.048	NA	0.835	0.188	22.5	46920910983	2911390315	0.062	Cambisols	Cambisols	2	Cool temperate mixed forest	Abies sachalinensis	3.073267528
S80	KSN	18.683	165.0010227	65.86702399	0.1	79.88	0.07	34.56	16.31	30.5	36.54583333	139.4211111	980	9	1710	1	Broadleaf	6538.209125	1269.3	-0.485772046	-0.39775533	-0.210560739	-0.182116444	0.009176277	0.031771005	6.122222222	1.0263438	0.288825512	0.711174488	5	11.5	0.63	18.25396825	3.857	1.114	3.758	1.243	121.4	2.99E+11	8752937611	0.029	Andosols	Andosols	3	Cool temperate deciduous broadleaved forest	Quercus crispula	1.303699897
S81	OYB	7.225	16.35625163	92.53422397	1.55	161.99	0.4	73.7	5.71	49.59	36.56305556	139.3522222	820	9.8	1690	0	Conifer	9462.333333	1664.511628	0.679144661	0.560556374	-0.005199336	0.09539378	0	0.03871407	3.819402985	0.508949881	0	1	5.48	11.08	0.67	16.53731343	2.559	NA	5.028	NA	66.1	1.48E+11	911411163	0.006	Andosols	Andosols	3	Artificial coniferous forest (planted in 1907)	Cryptomeria japonica	3.050219008
S82	OYB	12.434	96.87388717	73.06434678	0.11	221.41	0.17	57.19	8.28	50	36.56305556	139.3522222	820	9.8	1690	0	Conifer	6959.783555	1463.669903	-0.201448018	0.191558174	-0.075739412	0.024474289	0	0.062207792	5.322222222	0.540266185	0	1	4.78	8.95	0.45	19.88888889	2.395	NA	4.433	NA	38.5	73521884080	496216379	0.007	Andosols	Andosols	3	Artificial coniferous forest (planted in 1907)	Cryptomeria japonica	3.267189569
S83	OYB	7.225	21.83431144	90.97409026	1.23	166.44	0.08	58.7	10.1	50.97	36.56305556	139.3522222	820	9.8	1690	0	Conifer	9065.366757	1594.676471	0.546002344	0.482615761	-0.003611201	0.106873851	0.016331169	0.071282468	5.933783784	0.603159341	0.229104987	0.770895013	5.28	13.12	0.74	17.72972973	4.391	1.006	7.28	0.746	61.6	1.52E+11	518439304	0.003	Andosols	Andosols	3	Artificial coniferous forest (planted in 1907)	Cryptomeria japonica	2.975858205
S84	OYB	7.225	18.8167914	89.79351032	0.91	425.59	0.08	69.83	11.75	61.37	36.56305556	139.3522222	820	9.8	1690	0	Conifer	8780.144101	1559.19469	0.299188556	0.36537974	-0.161736802	0.08420485	0	0.049272503	4.701176471	0.583357664	0	1	5.19	14.62	0.85	17.2	3.996	NA	6.85	NA	81.1	1.87E+11	974587396	0.005	Andosols	Andosols	3	Artificial coniferous forest (planted in 1907)	Cryptomeria japonica	2.49228583
S85	OYB	8.275	20.31347251	90.83218336	1.42	171.59	0	68.33	10.56	56.69	36.56305556	139.3522222	820	9.8	1690	0	Conifer	6833.369008	1253.146067	0.243161978	0.520758932	-0.04606789	0.087522693	0.013588083	0.071360104	10.80196078	0.712401397	0.190415683	0.809584317	5.08	10.17	0.51	19.94117647	5.509	1.049	7.733	0.378	77.2	2.01E+11	700409758	0.003	Andosols	Andosols	3	Artificial coniferous forest (planted in 1907)	Cryptomeria japonica	2.692245229
S86	OYC	7.225	16.05156774	92.89527113	0.43	371.56	0	NA	4.41	69.07	36.56222222	139.3536111	770	9.8	1690	0	Conifer	8984.662075	1494.150685	0.237773455	0.457183898	-0.088182845	0.035306262	0.000325359	0.014421053	1.507	0.207833402	0.02256138	0.97743862	5.52	14.11	1	14.11	1.507	0.034	7.251	NA	104.5	2.49E+11	789916710	0.003	Andosols	Andosols	3	Artificial coniferous forest (planted in 2001)	Cryptomeria japonica	2.249674772
S87	OYC	7.225	15.70611292	94.3601128	0.12	130.2	0.25	79.13	1.04	53.99	36.56222222	139.3536111	770	9.8	1690	0	Conifer	9717.132873	1972.724138	0.262922413	0.356308446	-0.121523816	0.041459049	0.022605634	0.098497653	5.994285714	0.426162909	0.22950429	0.77049571	5.48	9.47	0.7	13.52857143	4.196	0.963	9.846	NA	42.6	1.28E+11	1029516495	0.008	Andosols	Andosols	3	Artificial coniferous forest (planted in 2001)	Cryptomeria japonica	3.485539878
S88	OYC	8.275	26.57968991	85.88128237	0.05	55.89	0	NA	1.98	36.41	36.56222222	139.3536111	770	9.8	1690	0	Conifer	8194.891032	1952.928	0.437820358	0.423786799	-0.084944838	0.082209411	0.010704225	0	0	0	0	0	5.61	5.96	0.44	13.54545455	NA	0.152	NA	NA	14.2	38056161311	263937824	0.007	Andosols	Andosols	3	Artificial coniferous forest (planted in 2001)	Cryptomeria japonica	4.823476434
S89	OYC	7.225	14.75067889	94.67321307	2.39	69.31	0	NA	1.87	33.64	36.56222222	139.3536111	770	9.8	1690	0	Conifer	10246.66197	1965.357143	0.378426244	0.339897497	-0.0826911	0.046335291	0.008764881	0.001383929	0.172222222	0.028908921	6.333333333	-5.333333333	5.54	7.72	0.54	14.2962963	0.093	0.589	3.217	NA	67.2	2.00E+11	924311032	0.005	Andosols	Andosols	3	Artificial coniferous forest (planted in 2001)	Cryptomeria japonica	2.350768291
S9	URN	6.308	14.81971253	93.88930553	0.65	70.52	1.18	31.45	8.18	31.63	44.35583333	142.2580556	300	4.4	1150	0	Conifer	5295.34434	1117.025	-0.719954735	-0.365472837	-0.451139567	-0.610282019	0.001519274	0.053900227	5.057446809	1.742668622	0.02818679	0.97181321	5.12	7.83	0.47	16.65957447	2.377	0.067	1.364	NA	44.1	69282186519	1188220328	0.017	Cambisols	Cambisols	2	Cool temperate mixed forest	Abies sachalinensis	1.737152742
S90	OYC	9.478	44.00554722	79.38903055	0.43	69.06	0.01	25.04	1.33	35.04	36.56222222	139.3536111	770	9.8	1690	0	Conifer	7538.07113	1504.205882	0.009641741	0.23223197	-0.231815087	0.001296774	0.012014011	0.191698774	19.54642857	0.671122011	0.062671295	0.937328705	5.24	7.71	0.56	13.76785714	10.946	0.686	16.31	NA	57.1	1.30E+11	472674335	0.004	Andosols	Andosols	3	Artificial coniferous forest (planted in 2001)	Cryptomeria japonica	3.884298362
S91	SDP	8.275	16.83813485	93.13920582	1.11	124.46	3.08	138.68	10.22	28.57	36.5225	138.35	1330	6.6	1220	0	Conifer	4984.12485	1010.603774	-0.423267599	-0.335344456	-0.215565981	-0.320759379	0.001821494	0.020956284	2.772289157	0.449589683	0.086918731	0.913081269	5.42	16.95	0.83	20.42168675	2.301	0.2	5.118	0.313	109.8	2.95E+11	8634025758	0.029	Andosols	Andosols	3	Secondary coniferous forest	Pinus densiflora	5.406884819
S92	SDP	9.478	30.40280987	83.90632187	1.1	158.05	1.97	70.09	8.42	30.3	36.5225	138.35	1330	6.6	1220	0	Conifer	5691.043057	1525.776923	-0.226156767	-0.17497645	-0.119522258	-0.264918901	0.000812808	0.029614122	4.45308642	0.583185125	0.027446632	0.972553368	5.43	15.47	0.81	19.09876543	3.607	0.099	6.185	1.402	121.8	3.04E+11	8194369753	0.027	Andosols	Andosols	3	Secondary coniferous forest	Pinus densiflora	4.491243871
S93	SDP	12.434	35.73036162	83.00333993	0.73	98.58	2.71	71.88	24.98	40.89	36.5225	138.35	1330	6.6	1220	0	Conifer	4810.408083	1355.522936	-0.563220345	-0.318965775	-0.116103862	-0.32574885	0.001448363	0.054130982	4.255445545	0.690996785	0.026756631	0.973243369	4.88	21.71	1.01	21.4950495	4.298	0.115	6.22	1.142	79.4	1.77E+11	4203274319	0.024	Andosols	Andosols	3	Secondary coniferous forest	Pinus densiflora	3.642649855
S94	SDP	7.225	16.38528354	93.54432278	2.53	139.56	3.14	77.25	17.95	38.2	36.5225	138.35	1330	6.6	1220	0	Conifer	3859.239583	1107.36036	-0.755745163	-0.493098891	-0.113052162	-0.369905085	0.000685714	0.032840816	4.14742268	0.619399538	0.02087994	0.97912006	4.89	22.34	0.97	23.03092784	4.023	0.084	6.495	0.574	122.5	2.27E+11	14277694897	0.063	Andosols	Andosols	3	Secondary coniferous forest	Pinus densiflora	3.975882772
S95	SDP	10.856	25.45531322	87.08238753	1	160.67	2.63	92.69	30.54	34.68	36.5225	138.35	1330	6.6	1220	0	Conifer	4939.727041	1187.598361	-0.622580972	-0.381442049	-0.136833139	-0.335430926	0	0.049452954	6.918367347	0.697961705	0	1	4.91	21.32	0.98	21.75510204	6.78	NA	9.714	NA	137.1	3.46E+11	13202412362	0.038	Andosols	Andosols	3	Secondary coniferous forest	Pinus densiflora	4.175333265
S96	SDB	8.275	23.90292143	87.54037379	NA	NA	NA	NA	NA	NA	36.51916667	138.3519444	1300	6.6	1220	1	Broadleaf	4920.344578	1674.6125	-0.669008116	-0.4264448	-0.202497318	-0.342287117	0.000711974	0.019993528	4.290277778	0.635858378	0.03561023	0.96438977	5.42	14.92	0.72	20.72222222	3.089	0.11	4.858	1.301	154.5	3.71E+11	7871530878	0.021	Andosols	Andosols	3	Cool temperate deciduous broadleaved forest	Quercus crispula	3.076253377
S97	SDB	9.478	28.74427012	84.058	NA	NA	NA	NA	NA	NA	36.51916667	138.3519444	1300	6.6	1220	1	Broadleaf	4447.4	1285.941606	-0.529777988	-0.208922314	-0.249296158	-0.409306772	0.003778776	0.040516564	8.294252874	0.914807302	0.093264967	0.906735033	4.92	17.68	0.87	20.32183908	7.216	0.673	7.888	0.611	178.1	4.14E+11	43410984684	0.105	Andosols	Andosols	3	Cool temperate deciduous broadleaved forest	Quercus crispula	2.917141999
S98	SDB	8.275	25.17952587	87.77236683	NA	NA	NA	NA	NA	NA	36.51916667	138.3519444	1300	6.6	1220	1	Broadleaf	5160.384422	1304.185567	-0.552403222	-0.339524419	-0.209500454	-0.42300827	0.00326506	0.039036145	6.967741935	0.645289783	0.083641975	0.916358025	5.14	18.15	0.93	19.51612903	6.48	0.542	10.042	0.091	166	3.44E+11	23318054006	0.068	Andosols	Andosols	3	Cool temperate deciduous broadleaved forest	Quercus crispula	3.487432584
S99	SDB	9.478	15.31226761	95.61604384	NA	NA	NA	NA	NA	NA	36.51916667	138.3519444	1300	6.6	1220	1	Broadleaf	5043.557007	1151.80198	-0.377741974	-0.246316955	-0.252893807	-0.376975163	0.000336538	0.088012821	9.895495495	0.907093897	0.003823744	0.996176256	5.18	21.4	1.11	19.27927928	10.984	0.042	12.109	0.057	124.8	2.20E+11	24011515736	0.109	Andosols	Andosols	3	Cool temperate deciduous broadleaved forest	Quercus crispula	2.133000916
